/*--------------------------------*- C++ -*----------------------------------*\
| =========                 |                                                 |
| \\      /  F ield         | OpenFOAM: The Open Source CFD Toolbox           |
|  \\    /   O peration     | Version:  2.4.0                                 |
|   \\  /    A nd           | Web:      www.OpenFOAM.org                      |
|    \\/     M anipulation  |                                                 |
\*---------------------------------------------------------------------------*/
FoamFile
{
    version     2.0;
    format      ascii;
    class       labelList;
    location    "constant/polyMesh";
    object      cellProcAddressing;
}
// * * * * * * * * * * * * * * * * * * * * * * * * * * * * * * * * * * * * * //


625
(
3
4
13
14
23
24
33
34
43
44
53
54
63
64
73
74
83
84
93
94
102
103
104
113
114
123
124
133
134
143
144
153
154
163
164
173
174
183
184
193
194
202
203
204
213
214
223
224
233
234
243
244
253
254
263
264
273
274
283
284
293
294
302
303
304
313
314
323
324
333
334
343
344
353
354
363
364
373
374
383
384
393
394
402
403
404
412
413
414
423
424
433
434
443
444
453
454
463
464
473
474
483
484
493
494
502
503
504
512
513
514
523
524
533
534
543
544
553
554
563
564
573
574
583
584
593
594
602
603
604
612
613
614
622
623
624
633
634
643
644
653
654
663
664
673
674
683
684
693
694
702
703
704
712
713
714
722
723
724
733
734
743
744
753
754
763
764
773
774
783
784
793
794
802
803
804
812
813
814
822
823
824
833
834
843
844
853
854
863
864
873
874
883
884
893
894
902
903
904
912
913
914
922
923
924
932
933
934
943
944
953
954
963
964
973
974
983
984
993
994
1002
1003
1004
1012
1013
1014
1022
1023
1024
1032
1033
1034
1043
1044
1053
1054
1063
1064
1073
1074
1083
1084
1093
1094
1102
1103
1104
1112
1113
1114
1122
1123
1124
1132
1133
1134
1142
1143
1144
1153
1154
1163
1164
1173
1174
1183
1184
1193
1194
1202
1203
1204
1212
1213
1214
1222
1223
1224
1232
1233
1234
1242
1243
1244
1253
1254
1263
1264
1273
1274
1283
1284
1293
1294
1302
1303
1304
1312
1313
1314
1322
1323
1324
1332
1333
1334
1342
1343
1344
1353
1354
1363
1364
1373
1374
1383
1384
1393
1394
1402
1403
1404
1412
1413
1414
1422
1423
1424
1432
1433
1434
1442
1443
1444
1452
1453
1454
1463
1464
1473
1474
1483
1484
1493
1494
1502
1503
1504
1512
1513
1514
1522
1523
1524
1532
1533
1534
1542
1543
1544
1552
1553
1554
1563
1564
1573
1574
1583
1584
1593
1594
1602
1603
1604
1612
1613
1614
1622
1623
1624
1632
1633
1634
1642
1643
1644
1652
1653
1654
1662
1663
1664
1673
1674
1683
1684
1693
1694
1702
1703
1704
1712
1713
1714
1722
1723
1724
1732
1733
1734
1742
1743
1744
1752
1753
1754
1762
1763
1764
1773
1774
1783
1784
1793
1794
1802
1803
1804
1812
1813
1814
1822
1823
1824
1832
1833
1834
1842
1843
1844
1852
1853
1854
1862
1863
1864
1873
1874
1883
1884
1893
1894
1902
1903
1904
1912
1913
1914
1922
1923
1924
1932
1933
1934
1942
1943
1944
1952
1953
1954
1962
1963
1964
1972
1973
1974
1983
1984
1993
1994
2002
2003
2004
2012
2013
2014
2022
2023
2024
2032
2033
2034
2042
2043
2044
2052
2053
2054
2062
2063
2064
2072
2073
2074
2083
2084
2093
2094
2102
2103
2104
2112
2113
2114
2122
2123
2124
2132
2133
2134
2142
2143
2144
2152
2153
2154
2162
2163
2164
2172
2173
2174
2182
2183
2184
2193
2194
2202
2203
2204
2212
2213
2214
2222
2223
2224
2232
2233
2234
2242
2243
2244
2252
2253
2254
2262
2263
2264
2272
2273
2274
2282
2283
2284
2293
2294
2302
2303
2304
2312
2313
2314
2322
2323
2324
2332
2333
2334
2342
2343
2344
2352
2353
2354
2362
2363
2364
2372
2373
2374
2382
2383
2384
2393
2394
2402
2403
2404
2412
2413
2414
2422
2423
2424
2432
2433
2434
2442
2443
2444
2452
2453
2454
2462
2463
2464
2472
2473
2474
2482
2483
2484
2492
2493
2494
)


// ************************************************************************* //
