/*--------------------------------*- C++ -*----------------------------------*\
| =========                 |                                                 |
| \\      /  F ield         | OpenFOAM: The Open Source CFD Toolbox           |
|  \\    /   O peration     | Version:  2.4.0                                 |
|   \\  /    A nd           | Web:      www.OpenFOAM.org                      |
|    \\/     M anipulation  |                                                 |
\*---------------------------------------------------------------------------*/
FoamFile
{
    version     2.0;
    format      ascii;
    class       labelList;
    location    "constant/polyMesh";
    object      faceProcAddressing;
}
// * * * * * * * * * * * * * * * * * * * * * * * * * * * * * * * * * * * * * //


2229
(
10
11
12
14
15
39
40
41
43
44
68
69
70
72
73
97
98
99
101
102
126
127
128
130
131
155
156
157
159
160
184
185
186
188
189
213
214
215
217
218
242
243
244
246
247
268
269
271
287
289
290
291
292
294
295
319
320
321
323
324
348
349
350
352
353
377
378
379
381
382
406
407
408
410
411
435
436
437
439
440
464
465
466
468
469
493
494
495
497
498
522
523
524
526
527
548
549
551
567
569
570
571
572
574
575
599
600
601
603
604
628
629
630
632
633
657
658
659
661
662
686
687
688
690
691
715
716
717
719
720
744
745
746
748
749
773
774
775
777
778
802
803
804
806
807
828
829
831
847
849
850
851
852
854
855
879
880
881
883
884
908
909
910
912
913
937
938
939
941
942
966
967
968
970
971
995
996
997
999
1000
1024
1025
1026
1028
1029
1053
1054
1055
1057
1058
1082
1083
1084
1086
1087
1108
1109
1111
1127
1128
1129
1130
1131
1132
1134
1135
1156
1158
1159
1160
1161
1163
1164
1188
1189
1190
1192
1193
1217
1218
1219
1221
1222
1246
1247
1248
1250
1251
1275
1276
1277
1279
1280
1304
1305
1306
1308
1309
1333
1334
1335
1337
1338
1362
1363
1364
1366
1367
1388
1389
1391
1407
1408
1409
1410
1411
1412
1414
1415
1436
1438
1439
1440
1441
1443
1444
1468
1469
1470
1472
1473
1497
1498
1499
1501
1502
1526
1527
1528
1530
1531
1555
1556
1557
1559
1560
1584
1585
1586
1588
1589
1613
1614
1615
1617
1618
1642
1643
1644
1646
1647
1668
1669
1671
1687
1688
1689
1690
1691
1692
1694
1695
1716
1717
1718
1719
1720
1721
1723
1724
1745
1747
1748
1749
1750
1752
1753
1777
1778
1779
1781
1782
1806
1807
1808
1810
1811
1835
1836
1837
1839
1840
1864
1865
1866
1868
1869
1893
1894
1895
1897
1898
1922
1923
1924
1926
1927
1948
1949
1951
1967
1968
1969
1970
1971
1972
1974
1975
1996
1997
1998
1999
2000
2001
2003
2004
2025
2027
2028
2029
2030
2032
2033
2057
2058
2059
2061
2062
2086
2087
2088
2090
2091
2115
2116
2117
2119
2120
2144
2145
2146
2148
2149
2173
2174
2175
2177
2178
2202
2203
2204
2206
2207
2228
2229
2231
2247
2248
2249
2250
2251
2252
2254
2255
2276
2277
2278
2279
2280
2281
2283
2284
2305
2307
2308
2309
2310
2312
2313
2337
2338
2339
2341
2342
2366
2367
2368
2370
2371
2395
2396
2397
2399
2400
2424
2425
2426
2428
2429
2453
2454
2455
2457
2458
2482
2483
2484
2486
2487
2508
2509
2511
2527
2528
2529
2530
2531
2532
2534
2535
2556
2557
2558
2559
2560
2561
2563
2564
2585
2586
2587
2588
2589
2590
2592
2593
2614
2616
2617
2618
2619
2621
2622
2646
2647
2648
2650
2651
2675
2676
2677
2679
2680
2704
2705
2706
2708
2709
2733
2734
2735
2737
2738
2762
2763
2764
2766
2767
2788
2789
2791
2807
2808
2809
2810
2811
2812
2814
2815
2836
2837
2838
2839
2840
2841
2843
2844
2865
2866
2867
2868
2869
2870
2872
2873
2894
2896
2897
2898
2899
2901
2902
2926
2927
2928
2930
2931
2955
2956
2957
2959
2960
2984
2985
2986
2988
2989
3013
3014
3015
3017
3018
3042
3043
3044
3046
3047
3068
3069
3071
3087
3088
3089
3090
3091
3092
3094
3095
3116
3117
3118
3119
3120
3121
3123
3124
3145
3146
3147
3148
3149
3150
3152
3153
3174
3175
3176
3177
3178
3179
3181
3182
3203
3205
3206
3207
3208
3210
3211
3235
3236
3237
3239
3240
3264
3265
3266
3268
3269
3293
3294
3295
3297
3298
3322
3323
3324
3326
3327
3348
3349
3351
3367
3368
3369
3370
3371
3372
3374
3375
3396
3397
3398
3399
3400
3401
3403
3404
3425
3426
3427
3428
3429
3430
3432
3433
3454
3455
3456
3457
3458
3459
3461
3462
3483
3485
3486
3487
3488
3490
3491
3515
3516
3517
3519
3520
3544
3545
3546
3548
3549
3573
3574
3575
3577
3578
3602
3603
3604
3606
3607
3628
3629
3631
3647
3648
3649
3650
3651
3652
3654
3655
3676
3677
3678
3679
3680
3681
3683
3684
3705
3706
3707
3708
3709
3710
3712
3713
3734
3735
3736
3737
3738
3739
3741
3742
3763
3765
3766
3767
3768
3770
3771
3795
3796
3797
3799
3800
3824
3825
3826
3828
3829
3853
3854
3855
3857
3858
3882
3883
3884
3886
3887
3908
3909
3911
3927
3928
3929
3930
3931
3932
3934
3935
3956
3957
3958
3959
3960
3961
3963
3964
3985
3986
3987
3988
3989
3990
3992
3993
4014
4015
4016
4017
4018
4019
4021
4022
4043
4044
4045
4046
4047
4048
4050
4051
4072
4074
4075
4076
4077
4079
4080
4104
4105
4106
4108
4109
4133
4134
4135
4137
4138
4162
4163
4164
4166
4167
4188
4189
4191
4207
4208
4209
4210
4211
4212
4214
4215
4236
4237
4238
4239
4240
4241
4243
4244
4265
4266
4267
4268
4269
4270
4272
4273
4294
4295
4296
4297
4298
4299
4301
4302
4323
4324
4325
4326
4327
4328
4330
4331
4352
4354
4355
4356
4357
4359
4360
4384
4385
4386
4388
4389
4413
4414
4415
4417
4418
4442
4443
4444
4446
4447
4468
4469
4471
4487
4488
4489
4490
4491
4492
4494
4495
4516
4517
4518
4519
4520
4521
4523
4524
4545
4546
4547
4548
4549
4550
4552
4553
4574
4575
4576
4577
4578
4579
4581
4582
4603
4604
4605
4606
4607
4608
4610
4611
4632
4633
4634
4635
4636
4637
4639
4640
4661
4663
4664
4665
4666
4668
4669
4693
4694
4695
4697
4698
4722
4723
4724
4726
4727
4748
4749
4751
4767
4768
4769
4770
4771
4772
4774
4775
4796
4797
4798
4799
4800
4801
4803
4804
4825
4826
4827
4828
4829
4830
4832
4833
4854
4855
4856
4857
4858
4859
4861
4862
4883
4884
4885
4886
4887
4888
4890
4891
4912
4913
4914
4915
4916
4917
4919
4920
4941
4943
4944
4945
4946
4948
4949
4973
4974
4975
4977
4978
5002
5003
5004
5006
5007
5028
5029
5031
5047
5048
5049
5050
5051
5052
5054
5055
5076
5077
5078
5079
5080
5081
5083
5084
5105
5106
5107
5108
5109
5110
5112
5113
5134
5135
5136
5137
5138
5139
5141
5142
5163
5164
5165
5166
5167
5168
5170
5171
5192
5193
5194
5195
5196
5197
5199
5200
5221
5223
5224
5225
5226
5228
5229
5253
5254
5255
5257
5258
5282
5283
5284
5286
5287
5308
5309
5311
5327
5328
5329
5330
5331
5332
5334
5335
5356
5357
5358
5359
5360
5361
5363
5364
5385
5386
5387
5388
5389
5390
5392
5393
5414
5415
5416
5417
5418
5419
5421
5422
5443
5444
5445
5446
5447
5448
5450
5451
5472
5473
5474
5475
5476
5477
5479
5480
5501
5502
5503
5504
5505
5506
5508
5509
5530
5532
5533
5534
5535
5537
5538
5562
5563
5564
5566
5567
5588
5589
5591
5607
5608
5609
5610
5611
5612
5614
5615
5636
5637
5638
5639
5640
5641
5643
5644
5665
5666
5667
5668
5669
5670
5672
5673
5694
5695
5696
5697
5698
5699
5701
5702
5723
5724
5725
5726
5727
5728
5730
5731
5752
5753
5754
5755
5756
5757
5759
5760
5781
5782
5783
5784
5785
5786
5788
5789
5810
5812
5813
5814
5815
5817
5818
5842
5843
5844
5846
5847
5868
5869
5871
5887
5888
5889
5890
5891
5892
5894
5895
5916
5917
5918
5919
5920
5921
5923
5924
5945
5946
5947
5948
5949
5950
5952
5953
5974
5975
5976
5977
5978
5979
5981
5982
6003
6004
6005
6006
6007
6008
6010
6011
6032
6033
6034
6035
6036
6037
6039
6040
6061
6062
6063
6064
6065
6066
6068
6069
6090
6091
6092
6093
6094
6095
6097
6098
6119
6121
6122
6123
6124
6126
6127
6148
6149
6151
6167
6168
6169
6170
6171
6172
6174
6175
6196
6197
6198
6199
6200
6201
6203
6204
6225
6226
6227
6228
6229
6230
6232
6233
6254
6255
6256
6257
6258
6259
6261
6262
6283
6284
6285
6286
6287
6288
6290
6291
6312
6313
6314
6315
6316
6317
6319
6320
6341
6342
6343
6344
6345
6346
6348
6349
6370
6371
6372
6373
6374
6375
6377
6378
6399
6401
6402
6403
6404
6406
6407
6428
6429
6431
6447
6448
6449
6450
6451
6452
6454
6455
6476
6477
6478
6479
6480
6481
6483
6484
6505
6506
6507
6508
6509
6510
6512
6513
6534
6535
6536
6537
6538
6539
6541
6542
6563
6564
6565
6566
6567
6568
6570
6571
6592
6593
6594
6595
6596
6597
6599
6600
6621
6622
6623
6624
6625
6626
6628
6629
6650
6651
6652
6653
6654
6655
6657
6658
6679
6681
6682
6683
6684
6686
6687
6708
6709
6711
6725
6726
6727
6728
6730
6744
6745
6746
6747
6749
6763
6764
6765
6766
6768
6782
6783
6784
6785
6787
6801
6802
6803
6804
6806
6820
6821
6822
6823
6825
6839
6840
6841
6842
6844
6858
6859
6860
6861
6863
6877
6878
6879
6880
6882
6894
6895
6931
6932
6933
6934
6935
6936
6937
6938
6939
6940
6941
6942
6943
6944
6945
6946
6947
6948
6949
6950
7021
7022
7023
7024
7025
7026
7027
7028
7029
7030
7031
7032
7033
7034
7035
7036
7037
7038
7039
7040
7041
7042
7043
7044
7045
7046
7047
7048
7049
7050
7675
7676
7677
7678
7679
7680
7681
7682
7683
7684
7685
7686
7687
7688
7689
7690
7691
7692
7693
7694
7695
7696
7697
7698
7699
7700
7701
7702
7703
7704
7705
7706
7707
7708
7709
7710
7711
7712
7713
7714
7715
7716
7717
7718
7719
7720
7721
7722
7723
7724
7725
7925
7926
7927
7928
7929
7930
7931
7932
7933
7934
7935
7936
7937
7938
7939
7940
7941
7942
7943
7944
7945
7946
7947
7948
7949
7950
7951
7952
7953
7954
7955
7956
7957
7958
7959
7960
7961
7962
7963
7964
7965
7966
7967
7968
7969
7970
7971
7972
7973
7974
7975
-7
-9
-36
-65
-94
-123
-152
-181
-210
-239
-266
-284
288
-316
-345
-374
-403
-432
-461
-490
-519
-546
-564
568
-596
-625
-654
-683
-712
-741
-770
-799
-826
-844
848
-876
-878
-905
-934
-963
-992
-1021
-1050
-1079
-1106
-1124
-1153
1157
-1185
-1214
-1243
-1272
-1301
-1330
-1359
-1386
-1404
-1433
1437
-1465
-1467
-1494
-1523
-1552
-1581
-1610
-1639
-1666
-1684
-1713
-1742
1746
-1774
-1803
-1832
-1861
-1890
-1919
-1946
-1964
-1993
-2022
2026
-2054
-2083
-2112
-2141
-2170
-2199
-2226
-2244
-2273
-2302
2306
-2334
-2336
-2363
-2392
-2421
-2450
-2479
-2506
-2524
-2553
-2582
-2611
2615
-2643
-2672
-2701
-2730
-2759
-2786
-2804
-2833
-2862
-2891
2895
-2923
-2925
-2952
-2981
-3010
-3039
-3066
-3084
-3113
-3142
-3171
-3200
3204
-3232
-3261
-3290
-3319
-3346
-3364
-3393
-3422
-3451
-3480
3484
-3512
-3541
-3570
-3599
-3626
-3644
-3673
-3702
-3731
-3760
3764
-3792
-3794
-3821
-3850
-3879
-3906
-3924
-3953
-3982
-4011
-4040
-4069
4073
-4101
-4130
-4159
-4186
-4204
-4233
-4262
-4291
-4320
-4349
4353
-4381
-4383
-4410
-4439
-4466
-4484
-4513
-4542
-4571
-4600
-4629
-4658
4662
-4690
-4719
-4746
-4764
-4793
-4822
-4851
-4880
-4909
-4938
4942
-4970
-4999
-5026
-5044
-5073
-5102
-5131
-5160
-5189
-5218
5222
-5250
-5252
-5279
-5306
-5324
-5353
-5382
-5411
-5440
-5469
-5498
-5527
5531
-5559
-5586
-5604
-5633
-5662
-5691
-5720
-5749
-5778
-5807
5811
-5839
-5841
-5866
-5884
-5913
-5942
-5971
-6000
-6029
-6058
-6087
-6116
6120
-6146
-6164
-6193
-6222
-6251
-6280
-6309
-6338
-6367
-6396
6400
-6426
-6444
-6473
-6502
-6531
-6560
-6589
-6618
-6647
-6676
6680
-6706
-6707
-6723
-6742
-6761
-6780
-6799
-6818
-6837
-6856
-6875
-6893
7652
7653
7654
7655
7656
7657
7658
7659
7660
7661
7662
7663
7664
7665
7666
7667
7668
7669
7670
7671
7672
7673
7674
13
42
71
100
129
158
187
216
245
270
293
322
351
380
409
438
467
496
525
550
573
602
631
660
689
718
747
776
805
830
853
882
911
940
969
998
1027
1056
1085
1110
1133
1162
1191
1220
1249
1278
1307
1336
1365
1390
1413
1442
1471
1500
1529
1558
1587
1616
1645
1670
1693
1722
1751
1780
1809
1838
1867
1896
1925
1950
1973
2002
2031
2060
2089
2118
2147
2176
2205
2230
2253
2282
2311
2340
2369
2398
2427
2456
2485
2510
2533
2562
2591
2620
2649
2678
2707
2736
2765
2790
2813
2842
2871
2900
2929
2958
2987
3016
3045
3070
3093
3122
3151
3180
3209
3238
3267
3296
3325
3350
3373
3402
3431
3460
3489
3518
3547
3576
3605
3630
3653
3682
3711
3740
3769
3798
3827
3856
3885
3910
3933
3962
3991
4020
4049
4078
4107
4136
4165
4190
4213
4242
4271
4300
4329
4358
4387
4416
4445
4470
4493
4522
4551
4580
4609
4638
4667
4696
4725
4750
4773
4802
4831
4860
4889
4918
4947
4976
5005
5030
5053
5082
5111
5140
5169
5198
5227
5256
5285
5310
5333
5362
5391
5420
5449
5478
5507
5536
5565
5590
5613
5642
5671
5700
5729
5758
5787
5816
5845
5870
5893
5922
5951
5980
6009
6038
6067
6096
6125
6150
6173
6202
6231
6260
6289
6318
6347
6376
6405
6430
6453
6482
6511
6540
6569
6598
6627
6656
6685
6710
6729
6748
6767
6786
6805
6824
6843
6862
6881
6896
)


// ************************************************************************* //
