/*--------------------------------*- C++ -*----------------------------------*\
| =========                 |                                                 |
| \\      /  F ield         | OpenFOAM: The Open Source CFD Toolbox           |
|  \\    /   O peration     | Version:  2.4.0                                 |
|   \\  /    A nd           | Web:      www.OpenFOAM.org                      |
|    \\/     M anipulation  |                                                 |
\*---------------------------------------------------------------------------*/
FoamFile
{
    version     2.0;
    format      ascii;
    class       labelList;
    note        "nPoints: 1018 nCells: 625 nFaces: 2229 nInternalFaces: 1521";
    location    "constant/polyMesh";
    object      neighbour;
}
// * * * * * * * * * * * * * * * * * * * * * * * * * * * * * * * * * * * * * //


1521
(
1
2
21
3
22
3
4
23
5
24
5
6
25
7
26
7
8
27
9
28
9
10
29
11
30
11
12
31
13
32
13
14
33
15
34
15
16
35
17
36
17
18
37
19
38
19
39
40
21
41
22
23
42
24
43
24
25
44
26
45
26
27
46
28
47
28
29
48
30
49
30
31
50
32
51
32
33
52
34
53
34
35
54
36
55
36
37
56
38
57
38
39
58
40
59
40
60
61
42
62
43
44
63
45
64
45
46
65
47
66
47
48
67
49
68
49
50
69
51
70
51
52
71
53
72
53
54
73
55
74
55
56
75
57
76
57
58
77
59
78
59
60
79
61
80
61
81
82
63
83
64
65
84
66
85
66
67
87
68
88
68
69
89
70
90
70
71
91
72
92
72
73
93
74
94
74
75
95
76
96
76
77
97
78
98
78
79
99
80
100
80
81
101
82
102
82
103
104
84
86
105
85
87
106
88
107
87
108
88
89
109
90
110
90
91
111
92
112
92
93
113
94
114
94
95
115
96
116
96
97
117
98
118
98
99
119
100
120
100
101
121
102
122
102
103
123
104
124
104
125
126
106
108
127
107
109
128
110
129
109
130
110
111
131
112
132
112
113
134
114
135
114
115
136
116
137
116
117
138
118
139
118
119
140
120
141
120
121
142
122
143
122
123
144
124
145
124
125
146
126
147
126
148
149
128
130
150
129
131
151
132
152
131
133
153
132
134
154
135
155
134
156
135
136
157
137
158
137
138
159
139
160
139
140
161
141
162
141
142
163
143
164
143
144
165
145
166
145
146
167
147
168
147
148
169
149
170
149
171
172
151
153
173
152
154
174
155
175
154
156
176
155
157
177
158
178
157
179
158
159
180
160
181
160
161
182
162
183
162
163
184
164
185
164
165
186
166
187
166
167
188
168
189
168
169
190
170
191
170
171
192
172
193
172
194
195
174
176
196
175
177
197
178
198
177
179
199
178
180
200
181
201
180
202
181
182
203
183
204
183
184
206
185
207
185
186
208
187
209
187
188
210
189
211
189
190
212
191
213
191
192
214
193
215
193
194
216
195
217
195
218
219
197
199
220
198
200
221
201
222
200
202
223
201
203
224
204
225
203
205
226
204
206
227
207
228
206
229
207
208
230
209
231
209
210
232
211
233
211
212
234
213
235
213
214
236
215
237
215
216
238
217
239
217
218
240
219
241
219
242
243
221
223
244
222
224
245
225
246
224
226
247
225
227
248
228
249
227
229
250
228
230
251
231
252
230
253
231
232
254
233
255
233
234
257
235
258
235
236
259
237
260
237
238
261
239
262
239
240
263
241
264
241
242
265
243
266
243
267
268
245
247
269
246
248
270
249
271
248
250
272
249
251
273
252
274
251
253
275
252
254
276
255
277
254
256
278
255
257
279
258
280
257
281
258
259
282
260
283
260
261
284
262
285
262
263
286
264
287
264
265
288
266
289
266
267
290
268
291
268
292
293
270
272
294
271
273
295
274
296
273
275
297
274
276
298
277
299
276
278
300
277
279
301
280
302
279
281
303
280
282
304
283
305
282
306
283
284
307
285
308
285
286
309
287
310
287
288
311
289
312
289
290
313
291
314
291
292
315
293
316
293
317
318
295
297
319
296
298
320
299
321
298
300
322
299
301
323
302
324
301
303
325
302
304
326
305
327
304
306
328
305
307
329
308
330
307
331
308
309
332
310
333
310
311
335
312
336
312
313
337
314
338
314
315
339
316
340
316
317
341
318
342
318
343
344
320
322
345
321
323
346
324
347
323
325
348
324
326
349
327
350
326
328
351
327
329
352
330
353
329
331
354
330
332
355
333
356
332
334
357
333
335
358
336
359
335
360
336
337
361
338
362
338
339
363
340
364
340
341
365
342
366
342
343
367
344
368
344
369
370
346
348
371
347
349
372
350
373
349
351
374
350
352
375
353
376
352
354
377
353
355
378
356
379
355
357
380
356
358
381
359
382
358
360
383
359
361
384
362
385
361
386
362
363
387
364
388
364
365
390
366
391
366
367
392
368
393
368
369
394
370
395
370
396
397
372
374
398
373
375
399
376
400
375
377
401
376
378
402
379
403
378
380
404
379
381
405
382
406
381
383
407
382
384
408
385
409
384
386
410
385
387
411
388
412
387
389
413
388
390
414
391
415
390
416
391
392
417
393
418
393
394
419
395
420
395
396
421
397
422
397
423
424
399
401
425
400
402
426
403
427
402
404
428
403
405
429
406
430
405
407
431
406
408
432
409
433
408
410
434
409
411
435
412
436
411
413
437
412
414
438
415
439
414
416
440
415
417
441
418
442
417
443
418
419
444
420
445
420
421
446
422
447
422
423
448
424
449
424
450
451
426
428
452
427
429
453
430
454
429
431
455
430
432
456
433
457
432
434
458
433
435
459
436
460
435
437
461
436
438
462
439
463
438
440
464
439
441
465
442
466
441
443
467
442
444
468
445
469
444
470
445
446
471
447
472
447
448
474
449
475
449
450
476
451
477
451
478
479
453
455
480
454
456
481
457
482
456
458
483
457
459
484
460
485
459
461
486
460
462
487
463
488
462
464
489
463
465
490
466
491
465
467
492
466
468
493
469
494
468
470
495
469
471
496
472
497
471
473
498
472
474
499
475
500
474
501
475
476
502
477
503
477
478
504
479
505
479
506
507
481
483
508
482
484
509
485
510
484
486
511
485
487
512
488
513
487
489
514
488
490
515
491
516
490
492
517
491
493
518
494
519
493
495
520
494
496
521
497
522
496
498
523
497
499
524
500
525
499
501
526
500
502
527
503
528
502
529
503
504
530
505
531
505
506
533
507
534
507
535
536
509
511
537
510
512
538
513
539
512
514
540
513
515
541
516
542
515
517
543
516
518
544
519
545
518
520
546
519
521
547
522
548
521
523
549
522
524
550
525
551
524
526
552
525
527
553
528
554
527
529
555
528
530
556
531
557
530
532
558
531
533
559
534
560
533
561
534
535
562
536
563
536
564
565
538
540
566
539
541
567
542
568
541
543
569
542
544
570
545
571
544
546
572
545
547
573
548
574
547
549
575
548
550
576
551
577
550
552
578
551
553
579
554
580
553
555
581
554
556
582
557
583
556
558
584
557
559
585
560
586
559
561
587
560
562
588
563
589
562
590
563
564
591
565
592
565
593
594
567
569
595
568
570
596
571
597
570
572
598
571
573
599
574
600
573
575
601
574
576
602
577
603
576
578
604
577
579
605
580
606
579
581
607
580
582
608
583
609
582
584
610
583
585
611
586
612
585
587
613
586
588
614
589
615
588
590
616
589
591
617
592
618
591
619
592
593
620
594
621
594
623
624
596
598
597
599
600
599
601
600
602
603
602
604
603
605
606
605
607
606
608
609
608
610
609
611
612
611
613
612
614
615
614
616
615
617
618
617
619
618
620
621
620
622
621
623
624
623
624
)


// ************************************************************************* //
