/*--------------------------------*- C++ -*----------------------------------*\
| =========                 |                                                 |
| \\      /  F ield         | OpenFOAM: The Open Source CFD Toolbox           |
|  \\    /   O peration     | Version:  2.4.0                                 |
|   \\  /    A nd           | Web:      www.OpenFOAM.org                      |
|    \\/     M anipulation  |                                                 |
\*---------------------------------------------------------------------------*/
FoamFile
{
    version     2.0;
    format      ascii;
    class       labelList;
    location    "constant/polyMesh";
    object      pointProcAddressing;
}
// * * * * * * * * * * * * * * * * * * * * * * * * * * * * * * * * * * * * * //


1018
(
3
4
5
14
15
16
25
26
27
36
37
38
47
48
49
58
59
60
69
70
71
80
81
82
91
92
93
102
103
104
113
114
115
123
124
125
126
134
135
136
137
146
147
148
157
158
159
168
169
170
179
180
181
190
191
192
201
202
203
212
213
214
223
224
225
234
235
236
244
245
246
247
255
256
257
258
267
268
269
278
279
280
289
290
291
300
301
302
311
312
313
322
323
324
333
334
335
344
345
346
355
356
357
365
366
367
368
376
377
378
379
388
389
390
399
400
401
410
411
412
421
422
423
432
433
434
443
444
445
454
455
456
465
466
467
476
477
478
486
487
488
489
497
498
499
500
508
509
510
511
520
521
522
531
532
533
542
543
544
553
554
555
564
565
566
575
576
577
586
587
588
597
598
599
607
608
609
610
618
619
620
621
629
630
631
632
641
642
643
652
653
654
663
664
665
674
675
676
685
686
687
696
697
698
707
708
709
718
719
720
728
729
730
731
739
740
741
742
750
751
752
753
761
762
763
764
773
774
775
784
785
786
795
796
797
806
807
808
817
818
819
828
829
830
839
840
841
849
850
851
852
860
861
862
863
871
872
873
874
882
883
884
885
894
895
896
905
906
907
916
917
918
927
928
929
938
939
940
949
950
951
960
961
962
970
971
972
973
981
982
983
984
992
993
994
995
1003
1004
1005
1006
1015
1016
1017
1026
1027
1028
1037
1038
1039
1048
1049
1050
1059
1060
1061
1070
1071
1072
1081
1082
1083
1091
1092
1093
1094
1102
1103
1104
1105
1113
1114
1115
1116
1124
1125
1126
1127
1135
1136
1137
1138
1147
1148
1149
1158
1159
1160
1169
1170
1171
1180
1181
1182
1191
1192
1193
1202
1203
1204
1212
1213
1214
1215
1223
1224
1225
1226
1234
1235
1236
1237
1245
1246
1247
1248
1256
1257
1258
1259
1268
1269
1270
1279
1280
1281
1290
1291
1292
1301
1302
1303
1312
1313
1314
1323
1324
1325
1333
1334
1335
1336
1344
1345
1346
1347
1355
1356
1357
1358
1366
1367
1368
1369
1377
1378
1379
1380
1388
1389
1390
1391
1400
1401
1402
1411
1412
1413
1422
1423
1424
1433
1434
1435
1444
1445
1446
1454
1455
1456
1457
1465
1466
1467
1468
1476
1477
1478
1479
1487
1488
1489
1490
1498
1499
1500
1501
1509
1510
1511
1512
1521
1522
1523
1532
1533
1534
1543
1544
1545
1554
1555
1556
1565
1566
1567
1575
1576
1577
1578
1586
1587
1588
1589
1597
1598
1599
1600
1608
1609
1610
1611
1619
1620
1621
1622
1630
1631
1632
1633
1642
1643
1644
1653
1654
1655
1664
1665
1666
1675
1676
1677
1686
1687
1688
1696
1697
1698
1699
1707
1708
1709
1710
1718
1719
1720
1721
1729
1730
1731
1732
1740
1741
1742
1743
1751
1752
1753
1754
1762
1763
1764
1765
1774
1775
1776
1785
1786
1787
1796
1797
1798
1807
1808
1809
1817
1818
1819
1820
1828
1829
1830
1831
1839
1840
1841
1842
1850
1851
1852
1853
1861
1862
1863
1864
1872
1873
1874
1875
1883
1884
1885
1886
1895
1896
1897
1906
1907
1908
1917
1918
1919
1928
1929
1930
1938
1939
1940
1941
1949
1950
1951
1952
1960
1961
1962
1963
1971
1972
1973
1974
1982
1983
1984
1985
1993
1994
1995
1996
2004
2005
2006
2007
2015
2016
2017
2018
2027
2028
2029
2038
2039
2040
2049
2050
2051
2059
2060
2061
2062
2070
2071
2072
2073
2081
2082
2083
2084
2092
2093
2094
2095
2103
2104
2105
2106
2114
2115
2116
2117
2125
2126
2127
2128
2136
2137
2138
2139
2148
2149
2150
2159
2160
2161
2170
2171
2172
2180
2181
2182
2183
2191
2192
2193
2194
2202
2203
2204
2205
2213
2214
2215
2216
2224
2225
2226
2227
2235
2236
2237
2238
2246
2247
2248
2249
2257
2258
2259
2260
2269
2270
2271
2280
2281
2282
2291
2292
2293
2301
2302
2303
2304
2312
2313
2314
2315
2323
2324
2325
2326
2334
2335
2336
2337
2345
2346
2347
2348
2356
2357
2358
2359
2367
2368
2369
2370
2378
2379
2380
2381
2389
2390
2391
2392
2401
2402
2403
2412
2413
2414
2422
2423
2424
2425
2433
2434
2435
2436
2444
2445
2446
2447
2455
2456
2457
2458
2466
2467
2468
2469
2477
2478
2479
2480
2488
2489
2490
2491
2499
2500
2501
2502
2510
2511
2512
2513
2522
2523
2524
2533
2534
2535
2543
2544
2545
2546
2554
2555
2556
2557
2565
2566
2567
2568
2576
2577
2578
2579
2587
2588
2589
2590
2598
2599
2600
2601
2609
2610
2611
2612
2620
2621
2622
2623
2631
2632
2633
2634
2642
2643
2644
2645
2654
2655
2656
2664
2665
2666
2667
2675
2676
2677
2678
2686
2687
2688
2689
2697
2698
2699
2700
2708
2709
2710
2711
2719
2720
2721
2722
2730
2731
2732
2733
2741
2742
2743
2744
2752
2753
2754
2755
2763
2764
2765
2766
2775
2776
2777
2785
2786
2787
2788
2796
2797
2798
2799
2807
2808
2809
2810
2818
2819
2820
2821
2829
2830
2831
2832
2840
2841
2842
2843
2851
2852
2853
2854
2862
2863
2864
2865
2873
2874
2875
2876
2884
2885
2886
2887
2896
2897
2898
2906
2907
2908
2909
2917
2918
2919
2920
2928
2929
2930
2931
2939
2940
2941
2942
2950
2951
2952
2953
2961
2962
2963
2964
2972
2973
2974
2975
2983
2984
2985
2986
2994
2995
2996
2997
3005
3006
3007
3008
3016
3017
3018
3019
3027
3028
3029
3030
3038
3039
3040
3041
3049
3050
3051
3052
3060
3061
3062
3063
3071
3072
3073
3074
3082
3083
3084
3085
3093
3094
3095
3096
3104
3105
3106
3107
3115
3116
3117
3118
3126
3127
3128
3129
3137
3138
3139
3140
)


// ************************************************************************* //
