/*--------------------------------*- C++ -*----------------------------------*\
| =========                 |                                                 |
| \\      /  F ield         | OpenFOAM: The Open Source CFD Toolbox           |
|  \\    /   O peration     | Version:  2.4.0                                 |
|   \\  /    A nd           | Web:      www.OpenFOAM.org                      |
|    \\/     M anipulation  |                                                 |
\*---------------------------------------------------------------------------*/
FoamFile
{
    version     2.0;
    format      ascii;
    class       labelList;
    location    "constant/polyMesh";
    object      cellProcAddressing;
}
// * * * * * * * * * * * * * * * * * * * * * * * * * * * * * * * * * * * * * //


625
(
8
9
18
19
28
29
38
39
48
49
58
59
68
69
78
79
88
89
98
99
107
108
109
118
119
128
129
138
139
148
149
158
159
168
169
178
179
188
189
198
199
207
208
209
218
219
228
229
238
239
248
249
258
259
268
269
278
279
288
289
298
299
307
308
309
318
319
328
329
338
339
348
349
358
359
368
369
378
379
388
389
398
399
407
408
409
417
418
419
428
429
438
439
448
449
458
459
468
469
478
479
488
489
498
499
507
508
509
517
518
519
528
529
538
539
548
549
558
559
568
569
578
579
588
589
598
599
607
608
609
617
618
619
627
628
629
638
639
648
649
658
659
668
669
678
679
688
689
698
699
707
708
709
717
718
719
727
728
729
738
739
748
749
758
759
768
769
778
779
788
789
798
799
807
808
809
817
818
819
827
828
829
838
839
848
849
858
859
868
869
878
879
888
889
898
899
907
908
909
917
918
919
927
928
929
937
938
939
948
949
958
959
968
969
978
979
988
989
998
999
1007
1008
1009
1017
1018
1019
1027
1028
1029
1037
1038
1039
1048
1049
1058
1059
1068
1069
1078
1079
1088
1089
1098
1099
1107
1108
1109
1117
1118
1119
1127
1128
1129
1137
1138
1139
1147
1148
1149
1158
1159
1168
1169
1178
1179
1188
1189
1198
1199
1207
1208
1209
1217
1218
1219
1227
1228
1229
1237
1238
1239
1247
1248
1249
1258
1259
1268
1269
1278
1279
1288
1289
1298
1299
1307
1308
1309
1317
1318
1319
1327
1328
1329
1337
1338
1339
1347
1348
1349
1358
1359
1368
1369
1378
1379
1388
1389
1398
1399
1407
1408
1409
1417
1418
1419
1427
1428
1429
1437
1438
1439
1447
1448
1449
1457
1458
1459
1468
1469
1478
1479
1488
1489
1498
1499
1507
1508
1509
1517
1518
1519
1527
1528
1529
1537
1538
1539
1547
1548
1549
1557
1558
1559
1568
1569
1578
1579
1588
1589
1598
1599
1607
1608
1609
1617
1618
1619
1627
1628
1629
1637
1638
1639
1647
1648
1649
1657
1658
1659
1667
1668
1669
1678
1679
1688
1689
1698
1699
1707
1708
1709
1717
1718
1719
1727
1728
1729
1737
1738
1739
1747
1748
1749
1757
1758
1759
1767
1768
1769
1778
1779
1788
1789
1798
1799
1807
1808
1809
1817
1818
1819
1827
1828
1829
1837
1838
1839
1847
1848
1849
1857
1858
1859
1867
1868
1869
1878
1879
1888
1889
1898
1899
1907
1908
1909
1917
1918
1919
1927
1928
1929
1937
1938
1939
1947
1948
1949
1957
1958
1959
1967
1968
1969
1977
1978
1979
1988
1989
1998
1999
2007
2008
2009
2017
2018
2019
2027
2028
2029
2037
2038
2039
2047
2048
2049
2057
2058
2059
2067
2068
2069
2077
2078
2079
2088
2089
2098
2099
2107
2108
2109
2117
2118
2119
2127
2128
2129
2137
2138
2139
2147
2148
2149
2157
2158
2159
2167
2168
2169
2177
2178
2179
2187
2188
2189
2198
2199
2207
2208
2209
2217
2218
2219
2227
2228
2229
2237
2238
2239
2247
2248
2249
2257
2258
2259
2267
2268
2269
2277
2278
2279
2287
2288
2289
2298
2299
2307
2308
2309
2317
2318
2319
2327
2328
2329
2337
2338
2339
2347
2348
2349
2357
2358
2359
2367
2368
2369
2377
2378
2379
2387
2388
2389
2398
2399
2407
2408
2409
2417
2418
2419
2427
2428
2429
2437
2438
2439
2447
2448
2449
2457
2458
2459
2467
2468
2469
2477
2478
2479
2487
2488
2489
2497
2498
2499
)


// ************************************************************************* //
