/*--------------------------------*- C++ -*----------------------------------*\
| =========                 |                                                 |
| \\      /  F ield         | OpenFOAM: The Open Source CFD Toolbox           |
|  \\    /   O peration     | Version:  2.4.0                                 |
|   \\  /    A nd           | Web:      www.OpenFOAM.org                      |
|    \\/     M anipulation  |                                                 |
\*---------------------------------------------------------------------------*/
FoamFile
{
    version     2.0;
    format      ascii;
    class       faceList;
    location    "constant/polyMesh";
    object      faces;
}
// * * * * * * * * * * * * * * * * * * * * * * * * * * * * * * * * * * * * * //


2229
(
4(1 4 39 35)
4(3 38 39 4)
4(34 35 39 38)
4(4 39 40 5)
4(35 36 40 39)
4(4 7 42 39)
4(6 41 42 7)
4(38 39 42 41)
4(7 42 43 8)
4(39 40 43 42)
4(7 10 45 42)
4(9 44 45 10)
4(41 42 45 44)
4(10 45 46 11)
4(42 43 46 45)
4(10 13 48 45)
4(12 47 48 13)
4(44 45 48 47)
4(13 48 49 14)
4(45 46 49 48)
4(13 16 51 48)
4(15 50 51 16)
4(47 48 51 50)
4(16 51 52 17)
4(48 49 52 51)
4(16 19 54 51)
4(18 53 54 19)
4(50 51 54 53)
4(19 54 55 20)
4(51 52 55 54)
4(19 22 57 54)
4(21 56 57 22)
4(53 54 57 56)
4(22 57 58 23)
4(54 55 58 57)
4(22 25 60 57)
4(24 59 60 25)
4(56 57 60 59)
4(25 60 61 26)
4(57 58 61 60)
4(25 28 63 60)
4(27 62 63 28)
4(59 60 63 62)
4(28 63 64 29)
4(60 61 64 63)
4(28 31 66 63)
4(62 63 66 65)
4(63 64 67 66)
4(34 38 73 69)
4(68 69 73 72)
4(35 39 74 70)
4(38 73 74 39)
4(69 70 74 73)
4(39 74 75 40)
4(70 71 75 74)
4(39 42 77 74)
4(41 76 77 42)
4(73 74 77 76)
4(42 77 78 43)
4(74 75 78 77)
4(42 45 80 77)
4(44 79 80 45)
4(76 77 80 79)
4(45 80 81 46)
4(77 78 81 80)
4(45 48 83 80)
4(47 82 83 48)
4(79 80 83 82)
4(48 83 84 49)
4(80 81 84 83)
4(48 51 86 83)
4(50 85 86 51)
4(82 83 86 85)
4(51 86 87 52)
4(83 84 87 86)
4(51 54 89 86)
4(53 88 89 54)
4(85 86 89 88)
4(54 89 90 55)
4(86 87 90 89)
4(54 57 92 89)
4(56 91 92 57)
4(88 89 92 91)
4(57 92 93 58)
4(89 90 93 92)
4(57 60 95 92)
4(59 94 95 60)
4(91 92 95 94)
4(60 95 96 61)
4(92 93 96 95)
4(60 63 98 95)
4(62 97 98 63)
4(94 95 98 97)
4(63 98 99 64)
4(95 96 99 98)
4(63 66 101 98)
4(97 98 101 100)
4(98 99 102 101)
4(69 73 108 104)
4(103 104 108 107)
4(70 74 109 105)
4(73 108 109 74)
4(104 105 109 108)
4(74 109 110 75)
4(105 106 110 109)
4(74 77 112 109)
4(76 111 112 77)
4(108 109 112 111)
4(77 112 113 78)
4(109 110 113 112)
4(77 80 115 112)
4(79 114 115 80)
4(111 112 115 114)
4(80 115 116 81)
4(112 113 116 115)
4(80 83 118 115)
4(82 117 118 83)
4(114 115 118 117)
4(83 118 119 84)
4(115 116 119 118)
4(83 86 121 118)
4(85 120 121 86)
4(117 118 121 120)
4(86 121 122 87)
4(118 119 122 121)
4(86 89 124 121)
4(88 123 124 89)
4(120 121 124 123)
4(89 124 125 90)
4(121 122 125 124)
4(89 92 127 124)
4(91 126 127 92)
4(123 124 127 126)
4(92 127 128 93)
4(124 125 128 127)
4(92 95 130 127)
4(94 129 130 95)
4(126 127 130 129)
4(95 130 131 96)
4(127 128 131 130)
4(95 98 133 130)
4(97 132 133 98)
4(129 130 133 132)
4(98 133 134 99)
4(130 131 134 133)
4(98 101 136 133)
4(132 133 136 135)
4(133 134 137 136)
4(104 108 143 139)
4(138 139 143 142)
4(105 109 144 140)
4(108 143 144 109)
4(139 140 144 143)
4(109 144 145 110)
4(140 141 145 144)
4(109 112 148 144)
4(111 147 148 112)
4(143 144 148 147)
4(112 148 149 113)
4(144 145 149 148)
4(112 115 151 148)
4(114 150 151 115)
4(147 148 151 150)
4(115 151 152 116)
4(148 149 152 151)
4(115 118 154 151)
4(117 153 154 118)
4(150 151 154 153)
4(118 154 155 119)
4(151 152 155 154)
4(118 121 157 154)
4(120 156 157 121)
4(153 154 157 156)
4(121 157 158 122)
4(154 155 158 157)
4(121 124 160 157)
4(123 159 160 124)
4(156 157 160 159)
4(124 160 161 125)
4(157 158 161 160)
4(124 127 163 160)
4(126 162 163 127)
4(159 160 163 162)
4(127 163 164 128)
4(160 161 164 163)
4(127 130 166 163)
4(129 165 166 130)
4(162 163 166 165)
4(130 166 167 131)
4(163 164 167 166)
4(130 133 169 166)
4(132 168 169 133)
4(165 166 169 168)
4(133 169 170 134)
4(166 167 170 169)
4(133 136 172 169)
4(168 169 172 171)
4(169 170 173 172)
4(139 143 179 175)
4(142 178 179 143)
4(174 175 179 178)
4(140 144 180 176)
4(143 179 180 144)
4(175 176 180 179)
4(144 180 181 145)
4(176 177 181 180)
4(143 147 183 179)
4(178 179 183 182)
4(144 148 184 180)
4(147 183 184 148)
4(179 180 184 183)
4(148 184 185 149)
4(180 181 185 184)
4(148 151 187 184)
4(150 186 187 151)
4(183 184 187 186)
4(151 187 188 152)
4(184 185 188 187)
4(151 154 190 187)
4(153 189 190 154)
4(186 187 190 189)
4(154 190 191 155)
4(187 188 191 190)
4(154 157 193 190)
4(156 192 193 157)
4(189 190 193 192)
4(157 193 194 158)
4(190 191 194 193)
4(157 160 196 193)
4(159 195 196 160)
4(192 193 196 195)
4(160 196 197 161)
4(193 194 197 196)
4(160 163 199 196)
4(162 198 199 163)
4(195 196 199 198)
4(163 199 200 164)
4(196 197 200 199)
4(163 166 202 199)
4(165 201 202 166)
4(198 199 202 201)
4(166 202 203 167)
4(199 200 203 202)
4(166 169 205 202)
4(168 204 205 169)
4(201 202 205 204)
4(169 205 206 170)
4(202 203 206 205)
4(169 172 208 205)
4(204 205 208 207)
4(205 206 209 208)
4(175 179 215 211)
4(178 214 215 179)
4(210 211 215 214)
4(176 180 216 212)
4(179 215 216 180)
4(211 212 216 215)
4(180 216 217 181)
4(212 213 217 216)
4(179 183 219 215)
4(214 215 219 218)
4(180 184 220 216)
4(183 219 220 184)
4(215 216 220 219)
4(184 220 221 185)
4(216 217 221 220)
4(184 187 224 220)
4(186 223 224 187)
4(219 220 224 223)
4(187 224 225 188)
4(220 221 225 224)
4(187 190 227 224)
4(189 226 227 190)
4(223 224 227 226)
4(190 227 228 191)
4(224 225 228 227)
4(190 193 230 227)
4(192 229 230 193)
4(226 227 230 229)
4(193 230 231 194)
4(227 228 231 230)
4(193 196 233 230)
4(195 232 233 196)
4(229 230 233 232)
4(196 233 234 197)
4(230 231 234 233)
4(196 199 236 233)
4(198 235 236 199)
4(232 233 236 235)
4(199 236 237 200)
4(233 234 237 236)
4(199 202 239 236)
4(201 238 239 202)
4(235 236 239 238)
4(202 239 240 203)
4(236 237 240 239)
4(202 205 242 239)
4(204 241 242 205)
4(238 239 242 241)
4(205 242 243 206)
4(239 240 243 242)
4(205 208 245 242)
4(241 242 245 244)
4(242 243 246 245)
4(211 215 252 248)
4(214 251 252 215)
4(247 248 252 251)
4(212 216 253 249)
4(215 252 253 216)
4(248 249 253 252)
4(216 253 254 217)
4(249 250 254 253)
4(215 219 256 252)
4(218 255 256 219)
4(251 252 256 255)
4(216 220 257 253)
4(219 256 257 220)
4(252 253 257 256)
4(220 257 258 221)
4(253 254 258 257)
4(219 223 260 256)
4(255 256 260 259)
4(220 224 261 257)
4(223 260 261 224)
4(256 257 261 260)
4(224 261 262 225)
4(257 258 262 261)
4(224 227 264 261)
4(226 263 264 227)
4(260 261 264 263)
4(227 264 265 228)
4(261 262 265 264)
4(227 230 267 264)
4(229 266 267 230)
4(263 264 267 266)
4(230 267 268 231)
4(264 265 268 267)
4(230 233 270 267)
4(232 269 270 233)
4(266 267 270 269)
4(233 270 271 234)
4(267 268 271 270)
4(233 236 273 270)
4(235 272 273 236)
4(269 270 273 272)
4(236 273 274 237)
4(270 271 274 273)
4(236 239 276 273)
4(238 275 276 239)
4(272 273 276 275)
4(239 276 277 240)
4(273 274 277 276)
4(239 242 279 276)
4(241 278 279 242)
4(275 276 279 278)
4(242 279 280 243)
4(276 277 280 279)
4(242 245 282 279)
4(278 279 282 281)
4(279 280 283 282)
4(248 252 289 285)
4(251 288 289 252)
4(284 285 289 288)
4(249 253 290 286)
4(252 289 290 253)
4(285 286 290 289)
4(253 290 291 254)
4(286 287 291 290)
4(252 256 293 289)
4(255 292 293 256)
4(288 289 293 292)
4(253 257 294 290)
4(256 293 294 257)
4(289 290 294 293)
4(257 294 295 258)
4(290 291 295 294)
4(256 260 297 293)
4(292 293 297 296)
4(257 261 298 294)
4(260 297 298 261)
4(293 294 298 297)
4(261 298 299 262)
4(294 295 299 298)
4(261 264 301 298)
4(263 300 301 264)
4(297 298 301 300)
4(264 301 302 265)
4(298 299 302 301)
4(264 267 304 301)
4(266 303 304 267)
4(300 301 304 303)
4(267 304 305 268)
4(301 302 305 304)
4(267 270 307 304)
4(269 306 307 270)
4(303 304 307 306)
4(270 307 308 271)
4(304 305 308 307)
4(270 273 310 307)
4(272 309 310 273)
4(306 307 310 309)
4(273 310 311 274)
4(307 308 311 310)
4(273 276 313 310)
4(275 312 313 276)
4(309 310 313 312)
4(276 313 314 277)
4(310 311 314 313)
4(276 279 316 313)
4(278 315 316 279)
4(312 313 316 315)
4(279 316 317 280)
4(313 314 317 316)
4(279 282 319 316)
4(315 316 319 318)
4(316 317 320 319)
4(285 289 326 322)
4(288 325 326 289)
4(321 322 326 325)
4(286 290 327 323)
4(289 326 327 290)
4(322 323 327 326)
4(290 327 328 291)
4(323 324 328 327)
4(289 293 330 326)
4(292 329 330 293)
4(325 326 330 329)
4(290 294 331 327)
4(293 330 331 294)
4(326 327 331 330)
4(294 331 332 295)
4(327 328 332 331)
4(293 297 334 330)
4(329 330 334 333)
4(294 298 335 331)
4(297 334 335 298)
4(330 331 335 334)
4(298 335 336 299)
4(331 332 336 335)
4(298 301 339 335)
4(300 338 339 301)
4(334 335 339 338)
4(301 339 340 302)
4(335 336 340 339)
4(301 304 342 339)
4(303 341 342 304)
4(338 339 342 341)
4(304 342 343 305)
4(339 340 343 342)
4(304 307 345 342)
4(306 344 345 307)
4(341 342 345 344)
4(307 345 346 308)
4(342 343 346 345)
4(307 310 348 345)
4(309 347 348 310)
4(344 345 348 347)
4(310 348 349 311)
4(345 346 349 348)
4(310 313 351 348)
4(312 350 351 313)
4(347 348 351 350)
4(313 351 352 314)
4(348 349 352 351)
4(313 316 354 351)
4(315 353 354 316)
4(350 351 354 353)
4(316 354 355 317)
4(351 352 355 354)
4(316 319 357 354)
4(353 354 357 356)
4(354 355 358 357)
4(322 326 364 360)
4(325 363 364 326)
4(359 360 364 363)
4(323 327 365 361)
4(326 364 365 327)
4(360 361 365 364)
4(327 365 366 328)
4(361 362 366 365)
4(326 330 368 364)
4(329 367 368 330)
4(363 364 368 367)
4(327 331 369 365)
4(330 368 369 331)
4(364 365 369 368)
4(331 369 370 332)
4(365 366 370 369)
4(330 334 372 368)
4(333 371 372 334)
4(367 368 372 371)
4(331 335 373 369)
4(334 372 373 335)
4(368 369 373 372)
4(335 373 374 336)
4(369 370 374 373)
4(334 338 376 372)
4(371 372 376 375)
4(335 339 377 373)
4(338 376 377 339)
4(372 373 377 376)
4(339 377 378 340)
4(373 374 378 377)
4(339 342 380 377)
4(341 379 380 342)
4(376 377 380 379)
4(342 380 381 343)
4(377 378 381 380)
4(342 345 383 380)
4(344 382 383 345)
4(379 380 383 382)
4(345 383 384 346)
4(380 381 384 383)
4(345 348 386 383)
4(347 385 386 348)
4(382 383 386 385)
4(348 386 387 349)
4(383 384 387 386)
4(348 351 389 386)
4(350 388 389 351)
4(385 386 389 388)
4(351 389 390 352)
4(386 387 390 389)
4(351 354 392 389)
4(353 391 392 354)
4(388 389 392 391)
4(354 392 393 355)
4(389 390 393 392)
4(354 357 395 392)
4(391 392 395 394)
4(392 393 396 395)
4(360 364 402 398)
4(363 401 402 364)
4(397 398 402 401)
4(361 365 403 399)
4(364 402 403 365)
4(398 399 403 402)
4(365 403 404 366)
4(399 400 404 403)
4(364 368 406 402)
4(367 405 406 368)
4(401 402 406 405)
4(365 369 407 403)
4(368 406 407 369)
4(402 403 407 406)
4(369 407 408 370)
4(403 404 408 407)
4(368 372 410 406)
4(371 409 410 372)
4(405 406 410 409)
4(369 373 411 407)
4(372 410 411 373)
4(406 407 411 410)
4(373 411 412 374)
4(407 408 412 411)
4(372 376 414 410)
4(409 410 414 413)
4(373 377 415 411)
4(376 414 415 377)
4(410 411 415 414)
4(377 415 416 378)
4(411 412 416 415)
4(377 380 419 415)
4(379 418 419 380)
4(414 415 419 418)
4(380 419 420 381)
4(415 416 420 419)
4(380 383 422 419)
4(382 421 422 383)
4(418 419 422 421)
4(383 422 423 384)
4(419 420 423 422)
4(383 386 425 422)
4(385 424 425 386)
4(421 422 425 424)
4(386 425 426 387)
4(422 423 426 425)
4(386 389 428 425)
4(388 427 428 389)
4(424 425 428 427)
4(389 428 429 390)
4(425 426 429 428)
4(389 392 431 428)
4(391 430 431 392)
4(427 428 431 430)
4(392 431 432 393)
4(428 429 432 431)
4(392 395 434 431)
4(430 431 434 433)
4(431 432 435 434)
4(398 402 441 437)
4(401 440 441 402)
4(436 437 441 440)
4(399 403 442 438)
4(402 441 442 403)
4(437 438 442 441)
4(403 442 443 404)
4(438 439 443 442)
4(402 406 445 441)
4(405 444 445 406)
4(440 441 445 444)
4(403 407 446 442)
4(406 445 446 407)
4(441 442 446 445)
4(407 446 447 408)
4(442 443 447 446)
4(406 410 449 445)
4(409 448 449 410)
4(444 445 449 448)
4(407 411 450 446)
4(410 449 450 411)
4(445 446 450 449)
4(411 450 451 412)
4(446 447 451 450)
4(410 414 453 449)
4(413 452 453 414)
4(448 449 453 452)
4(411 415 454 450)
4(414 453 454 415)
4(449 450 454 453)
4(415 454 455 416)
4(450 451 455 454)
4(414 418 457 453)
4(452 453 457 456)
4(415 419 458 454)
4(418 457 458 419)
4(453 454 458 457)
4(419 458 459 420)
4(454 455 459 458)
4(419 422 461 458)
4(421 460 461 422)
4(457 458 461 460)
4(422 461 462 423)
4(458 459 462 461)
4(422 425 464 461)
4(424 463 464 425)
4(460 461 464 463)
4(425 464 465 426)
4(461 462 465 464)
4(425 428 467 464)
4(427 466 467 428)
4(463 464 467 466)
4(428 467 468 429)
4(464 465 468 467)
4(428 431 470 467)
4(430 469 470 431)
4(466 467 470 469)
4(431 470 471 432)
4(467 468 471 470)
4(431 434 473 470)
4(469 470 473 472)
4(470 471 474 473)
4(437 441 480 476)
4(440 479 480 441)
4(475 476 480 479)
4(438 442 481 477)
4(441 480 481 442)
4(476 477 481 480)
4(442 481 482 443)
4(477 478 482 481)
4(441 445 484 480)
4(444 483 484 445)
4(479 480 484 483)
4(442 446 485 481)
4(445 484 485 446)
4(480 481 485 484)
4(446 485 486 447)
4(481 482 486 485)
4(445 449 488 484)
4(448 487 488 449)
4(483 484 488 487)
4(446 450 489 485)
4(449 488 489 450)
4(484 485 489 488)
4(450 489 490 451)
4(485 486 490 489)
4(449 453 492 488)
4(452 491 492 453)
4(487 488 492 491)
4(450 454 493 489)
4(453 492 493 454)
4(488 489 493 492)
4(454 493 494 455)
4(489 490 494 493)
4(453 457 496 492)
4(491 492 496 495)
4(454 458 497 493)
4(457 496 497 458)
4(492 493 497 496)
4(458 497 498 459)
4(493 494 498 497)
4(458 461 500 497)
4(460 499 500 461)
4(496 497 500 499)
4(461 500 501 462)
4(497 498 501 500)
4(461 464 503 500)
4(463 502 503 464)
4(499 500 503 502)
4(464 503 504 465)
4(500 501 504 503)
4(464 467 506 503)
4(466 505 506 467)
4(502 503 506 505)
4(467 506 507 468)
4(503 504 507 506)
4(467 470 509 506)
4(469 508 509 470)
4(505 506 509 508)
4(470 509 510 471)
4(506 507 510 509)
4(470 473 512 509)
4(508 509 512 511)
4(509 510 513 512)
4(476 480 519 515)
4(479 518 519 480)
4(514 515 519 518)
4(477 481 520 516)
4(480 519 520 481)
4(515 516 520 519)
4(481 520 521 482)
4(516 517 521 520)
4(480 484 523 519)
4(483 522 523 484)
4(518 519 523 522)
4(481 485 524 520)
4(484 523 524 485)
4(519 520 524 523)
4(485 524 525 486)
4(520 521 525 524)
4(484 488 527 523)
4(487 526 527 488)
4(522 523 527 526)
4(485 489 528 524)
4(488 527 528 489)
4(523 524 528 527)
4(489 528 529 490)
4(524 525 529 528)
4(488 492 531 527)
4(491 530 531 492)
4(526 527 531 530)
4(489 493 532 528)
4(492 531 532 493)
4(527 528 532 531)
4(493 532 533 494)
4(528 529 533 532)
4(492 496 535 531)
4(530 531 535 534)
4(493 497 536 532)
4(496 535 536 497)
4(531 532 536 535)
4(497 536 537 498)
4(532 533 537 536)
4(497 500 540 536)
4(499 539 540 500)
4(535 536 540 539)
4(500 540 541 501)
4(536 537 541 540)
4(500 503 543 540)
4(502 542 543 503)
4(539 540 543 542)
4(503 543 544 504)
4(540 541 544 543)
4(503 506 546 543)
4(505 545 546 506)
4(542 543 546 545)
4(506 546 547 507)
4(543 544 547 546)
4(506 509 549 546)
4(508 548 549 509)
4(545 546 549 548)
4(509 549 550 510)
4(546 547 550 549)
4(509 512 552 549)
4(548 549 552 551)
4(549 550 553 552)
4(515 519 559 555)
4(518 558 559 519)
4(554 555 559 558)
4(516 520 560 556)
4(519 559 560 520)
4(555 556 560 559)
4(520 560 561 521)
4(556 557 561 560)
4(519 523 563 559)
4(522 562 563 523)
4(558 559 563 562)
4(520 524 564 560)
4(523 563 564 524)
4(559 560 564 563)
4(524 564 565 525)
4(560 561 565 564)
4(523 527 567 563)
4(526 566 567 527)
4(562 563 567 566)
4(524 528 568 564)
4(527 567 568 528)
4(563 564 568 567)
4(528 568 569 529)
4(564 565 569 568)
4(527 531 571 567)
4(530 570 571 531)
4(566 567 571 570)
4(528 532 572 568)
4(531 571 572 532)
4(567 568 572 571)
4(532 572 573 533)
4(568 569 573 572)
4(531 535 575 571)
4(534 574 575 535)
4(570 571 575 574)
4(532 536 576 572)
4(535 575 576 536)
4(571 572 576 575)
4(536 576 577 537)
4(572 573 577 576)
4(535 539 579 575)
4(574 575 579 578)
4(536 540 580 576)
4(539 579 580 540)
4(575 576 580 579)
4(540 580 581 541)
4(576 577 581 580)
4(540 543 583 580)
4(542 582 583 543)
4(579 580 583 582)
4(543 583 584 544)
4(580 581 584 583)
4(543 546 586 583)
4(545 585 586 546)
4(582 583 586 585)
4(546 586 587 547)
4(583 584 587 586)
4(546 549 589 586)
4(548 588 589 549)
4(585 586 589 588)
4(549 589 590 550)
4(586 587 590 589)
4(549 552 592 589)
4(588 589 592 591)
4(589 590 593 592)
4(555 559 599 595)
4(558 598 599 559)
4(594 595 599 598)
4(556 560 600 596)
4(559 599 600 560)
4(595 596 600 599)
4(560 600 601 561)
4(596 597 601 600)
4(559 563 603 599)
4(562 602 603 563)
4(598 599 603 602)
4(560 564 604 600)
4(563 603 604 564)
4(599 600 604 603)
4(564 604 605 565)
4(600 601 605 604)
4(563 567 607 603)
4(566 606 607 567)
4(602 603 607 606)
4(564 568 608 604)
4(567 607 608 568)
4(603 604 608 607)
4(568 608 609 569)
4(604 605 609 608)
4(567 571 611 607)
4(570 610 611 571)
4(606 607 611 610)
4(568 572 612 608)
4(571 611 612 572)
4(607 608 612 611)
4(572 612 613 573)
4(608 609 613 612)
4(571 575 615 611)
4(574 614 615 575)
4(610 611 615 614)
4(572 576 616 612)
4(575 615 616 576)
4(611 612 616 615)
4(576 616 617 577)
4(612 613 617 616)
4(575 579 619 615)
4(614 615 619 618)
4(576 580 620 616)
4(579 619 620 580)
4(615 616 620 619)
4(580 620 621 581)
4(616 617 621 620)
4(580 583 624 620)
4(582 623 624 583)
4(619 620 624 623)
4(583 624 625 584)
4(620 621 625 624)
4(583 586 627 624)
4(585 626 627 586)
4(623 624 627 626)
4(586 627 628 587)
4(624 625 628 627)
4(586 589 630 627)
4(588 629 630 589)
4(626 627 630 629)
4(589 630 631 590)
4(627 628 631 630)
4(589 592 633 630)
4(629 630 633 632)
4(630 631 634 633)
4(595 599 640 636)
4(598 639 640 599)
4(635 636 640 639)
4(596 600 641 637)
4(599 640 641 600)
4(636 637 641 640)
4(600 641 642 601)
4(637 638 642 641)
4(599 603 644 640)
4(602 643 644 603)
4(639 640 644 643)
4(600 604 645 641)
4(603 644 645 604)
4(640 641 645 644)
4(604 645 646 605)
4(641 642 646 645)
4(603 607 648 644)
4(606 647 648 607)
4(643 644 648 647)
4(604 608 649 645)
4(607 648 649 608)
4(644 645 649 648)
4(608 649 650 609)
4(645 646 650 649)
4(607 611 652 648)
4(610 651 652 611)
4(647 648 652 651)
4(608 612 653 649)
4(611 652 653 612)
4(648 649 653 652)
4(612 653 654 613)
4(649 650 654 653)
4(611 615 656 652)
4(614 655 656 615)
4(651 652 656 655)
4(612 616 657 653)
4(615 656 657 616)
4(652 653 657 656)
4(616 657 658 617)
4(653 654 658 657)
4(615 619 660 656)
4(618 659 660 619)
4(655 656 660 659)
4(616 620 661 657)
4(619 660 661 620)
4(656 657 661 660)
4(620 661 662 621)
4(657 658 662 661)
4(619 623 664 660)
4(659 660 664 663)
4(620 624 665 661)
4(623 664 665 624)
4(660 661 665 664)
4(624 665 666 625)
4(661 662 666 665)
4(624 627 668 665)
4(626 667 668 627)
4(664 665 668 667)
4(627 668 669 628)
4(665 666 669 668)
4(627 630 671 668)
4(629 670 671 630)
4(667 668 671 670)
4(630 671 672 631)
4(668 669 672 671)
4(630 633 674 671)
4(670 671 674 673)
4(671 672 675 674)
4(636 640 681 677)
4(639 680 681 640)
4(676 677 681 680)
4(637 641 682 678)
4(640 681 682 641)
4(677 678 682 681)
4(641 682 683 642)
4(678 679 683 682)
4(640 644 685 681)
4(643 684 685 644)
4(680 681 685 684)
4(641 645 686 682)
4(644 685 686 645)
4(681 682 686 685)
4(645 686 687 646)
4(682 683 687 686)
4(644 648 689 685)
4(647 688 689 648)
4(684 685 689 688)
4(645 649 690 686)
4(648 689 690 649)
4(685 686 690 689)
4(649 690 691 650)
4(686 687 691 690)
4(648 652 693 689)
4(651 692 693 652)
4(688 689 693 692)
4(649 653 694 690)
4(652 693 694 653)
4(689 690 694 693)
4(653 694 695 654)
4(690 691 695 694)
4(652 656 697 693)
4(655 696 697 656)
4(692 693 697 696)
4(653 657 698 694)
4(656 697 698 657)
4(693 694 698 697)
4(657 698 699 658)
4(694 695 699 698)
4(656 660 701 697)
4(659 700 701 660)
4(696 697 701 700)
4(657 661 702 698)
4(660 701 702 661)
4(697 698 702 701)
4(661 702 703 662)
4(698 699 703 702)
4(660 664 705 701)
4(700 701 705 704)
4(661 665 706 702)
4(664 705 706 665)
4(701 702 706 705)
4(665 706 707 666)
4(702 703 707 706)
4(665 668 709 706)
4(667 708 709 668)
4(705 706 709 708)
4(668 709 710 669)
4(706 707 710 709)
4(668 671 712 709)
4(670 711 712 671)
4(708 709 712 711)
4(671 712 713 672)
4(709 710 713 712)
4(671 674 715 712)
4(711 712 715 714)
4(712 713 716 715)
4(677 681 722 718)
4(680 721 722 681)
4(717 718 722 721)
4(678 682 723 719)
4(681 722 723 682)
4(718 719 723 722)
4(682 723 724 683)
4(719 720 724 723)
4(681 685 726 722)
4(684 725 726 685)
4(721 722 726 725)
4(682 686 727 723)
4(685 726 727 686)
4(722 723 727 726)
4(686 727 728 687)
4(723 724 728 727)
4(685 689 730 726)
4(688 729 730 689)
4(725 726 730 729)
4(686 690 731 727)
4(689 730 731 690)
4(726 727 731 730)
4(690 731 732 691)
4(727 728 732 731)
4(689 693 734 730)
4(692 733 734 693)
4(729 730 734 733)
4(690 694 735 731)
4(693 734 735 694)
4(730 731 735 734)
4(694 735 736 695)
4(731 732 736 735)
4(693 697 738 734)
4(696 737 738 697)
4(733 734 738 737)
4(694 698 739 735)
4(697 738 739 698)
4(734 735 739 738)
4(698 739 740 699)
4(735 736 740 739)
4(697 701 742 738)
4(700 741 742 701)
4(737 738 742 741)
4(698 702 743 739)
4(701 742 743 702)
4(738 739 743 742)
4(702 743 744 703)
4(739 740 744 743)
4(701 705 746 742)
4(741 742 746 745)
4(702 706 747 743)
4(705 746 747 706)
4(742 743 747 746)
4(706 747 748 707)
4(743 744 748 747)
4(706 709 751 747)
4(708 750 751 709)
4(746 747 751 750)
4(709 751 752 710)
4(747 748 752 751)
4(709 712 754 751)
4(711 753 754 712)
4(750 751 754 753)
4(712 754 755 713)
4(751 752 755 754)
4(712 715 757 754)
4(753 754 757 756)
4(754 755 758 757)
4(718 722 764 760)
4(721 763 764 722)
4(759 760 764 763)
4(719 723 765 761)
4(722 764 765 723)
4(760 761 765 764)
4(723 765 766 724)
4(761 762 766 765)
4(722 726 768 764)
4(725 767 768 726)
4(763 764 768 767)
4(723 727 769 765)
4(726 768 769 727)
4(764 765 769 768)
4(727 769 770 728)
4(765 766 770 769)
4(726 730 772 768)
4(729 771 772 730)
4(767 768 772 771)
4(727 731 773 769)
4(730 772 773 731)
4(768 769 773 772)
4(731 773 774 732)
4(769 770 774 773)
4(730 734 776 772)
4(733 775 776 734)
4(771 772 776 775)
4(731 735 777 773)
4(734 776 777 735)
4(772 773 777 776)
4(735 777 778 736)
4(773 774 778 777)
4(734 738 780 776)
4(737 779 780 738)
4(775 776 780 779)
4(735 739 781 777)
4(738 780 781 739)
4(776 777 781 780)
4(739 781 782 740)
4(777 778 782 781)
4(738 742 784 780)
4(741 783 784 742)
4(779 780 784 783)
4(739 743 785 781)
4(742 784 785 743)
4(780 781 785 784)
4(743 785 786 744)
4(781 782 786 785)
4(742 746 788 784)
4(745 787 788 746)
4(783 784 788 787)
4(743 747 789 785)
4(746 788 789 747)
4(784 785 789 788)
4(747 789 790 748)
4(785 786 790 789)
4(746 750 792 788)
4(787 788 792 791)
4(747 751 793 789)
4(750 792 793 751)
4(788 789 793 792)
4(751 793 794 752)
4(789 790 794 793)
4(751 754 796 793)
4(753 795 796 754)
4(792 793 796 795)
4(754 796 797 755)
4(793 794 797 796)
4(754 757 799 796)
4(795 796 799 798)
4(796 797 800 799)
4(760 764 806 802)
4(763 805 806 764)
4(801 802 806 805)
4(761 765 807 803)
4(764 806 807 765)
4(802 803 807 806)
4(765 807 808 766)
4(803 804 808 807)
4(764 768 810 806)
4(767 809 810 768)
4(805 806 810 809)
4(765 769 811 807)
4(768 810 811 769)
4(806 807 811 810)
4(769 811 812 770)
4(807 808 812 811)
4(768 772 814 810)
4(771 813 814 772)
4(809 810 814 813)
4(769 773 815 811)
4(772 814 815 773)
4(810 811 815 814)
4(773 815 816 774)
4(811 812 816 815)
4(772 776 818 814)
4(775 817 818 776)
4(813 814 818 817)
4(773 777 819 815)
4(776 818 819 777)
4(814 815 819 818)
4(777 819 820 778)
4(815 816 820 819)
4(776 780 822 818)
4(779 821 822 780)
4(817 818 822 821)
4(777 781 823 819)
4(780 822 823 781)
4(818 819 823 822)
4(781 823 824 782)
4(819 820 824 823)
4(780 784 826 822)
4(783 825 826 784)
4(821 822 826 825)
4(781 785 827 823)
4(784 826 827 785)
4(822 823 827 826)
4(785 827 828 786)
4(823 824 828 827)
4(784 788 830 826)
4(787 829 830 788)
4(825 826 830 829)
4(785 789 831 827)
4(788 830 831 789)
4(826 827 831 830)
4(789 831 832 790)
4(827 828 832 831)
4(788 792 834 830)
4(829 830 834 833)
4(789 793 835 831)
4(792 834 835 793)
4(830 831 835 834)
4(793 835 836 794)
4(831 832 836 835)
4(793 796 839 835)
4(795 838 839 796)
4(834 835 839 838)
4(796 839 840 797)
4(835 836 840 839)
4(796 799 842 839)
4(838 839 842 841)
4(839 840 843 842)
4(802 806 849 845)
4(805 848 849 806)
4(844 845 849 848)
4(803 807 850 846)
4(806 849 850 807)
4(845 846 850 849)
4(807 850 851 808)
4(846 847 851 850)
4(806 810 853 849)
4(809 852 853 810)
4(848 849 853 852)
4(807 811 854 850)
4(810 853 854 811)
4(849 850 854 853)
4(811 854 855 812)
4(850 851 855 854)
4(810 814 857 853)
4(813 856 857 814)
4(852 853 857 856)
4(811 815 858 854)
4(814 857 858 815)
4(853 854 858 857)
4(815 858 859 816)
4(854 855 859 858)
4(814 818 861 857)
4(817 860 861 818)
4(856 857 861 860)
4(815 819 862 858)
4(818 861 862 819)
4(857 858 862 861)
4(819 862 863 820)
4(858 859 863 862)
4(818 822 865 861)
4(821 864 865 822)
4(860 861 865 864)
4(819 823 866 862)
4(822 865 866 823)
4(861 862 866 865)
4(823 866 867 824)
4(862 863 867 866)
4(822 826 869 865)
4(825 868 869 826)
4(864 865 869 868)
4(823 827 870 866)
4(826 869 870 827)
4(865 866 870 869)
4(827 870 871 828)
4(866 867 871 870)
4(826 830 873 869)
4(829 872 873 830)
4(868 869 873 872)
4(827 831 874 870)
4(830 873 874 831)
4(869 870 874 873)
4(831 874 875 832)
4(870 871 875 874)
4(830 834 877 873)
4(833 876 877 834)
4(872 873 877 876)
4(831 835 878 874)
4(834 877 878 835)
4(873 874 878 877)
4(835 878 879 836)
4(874 875 879 878)
4(834 838 881 877)
4(876 877 881 880)
4(835 839 882 878)
4(838 881 882 839)
4(877 878 882 881)
4(839 882 883 840)
4(878 879 883 882)
4(839 842 885 882)
4(881 882 885 884)
4(882 883 886 885)
4(845 849 892 888)
4(848 891 892 849)
4(887 888 892 891)
4(846 850 893 889)
4(849 892 893 850)
4(888 889 893 892)
4(850 893 894 851)
4(889 890 894 893)
4(849 853 896 892)
4(852 895 896 853)
4(891 892 896 895)
4(850 854 897 893)
4(853 896 897 854)
4(892 893 897 896)
4(854 897 898 855)
4(893 894 898 897)
4(853 857 900 896)
4(856 899 900 857)
4(895 896 900 899)
4(854 858 901 897)
4(857 900 901 858)
4(896 897 901 900)
4(858 901 902 859)
4(897 898 902 901)
4(857 861 904 900)
4(860 903 904 861)
4(899 900 904 903)
4(858 862 905 901)
4(861 904 905 862)
4(900 901 905 904)
4(862 905 906 863)
4(901 902 906 905)
4(861 865 908 904)
4(864 907 908 865)
4(903 904 908 907)
4(862 866 909 905)
4(865 908 909 866)
4(904 905 909 908)
4(866 909 910 867)
4(905 906 910 909)
4(865 869 912 908)
4(868 911 912 869)
4(907 908 912 911)
4(866 870 913 909)
4(869 912 913 870)
4(908 909 913 912)
4(870 913 914 871)
4(909 910 914 913)
4(869 873 916 912)
4(872 915 916 873)
4(911 912 916 915)
4(870 874 917 913)
4(873 916 917 874)
4(912 913 917 916)
4(874 917 918 875)
4(913 914 918 917)
4(873 877 920 916)
4(876 919 920 877)
4(915 916 920 919)
4(874 878 921 917)
4(877 920 921 878)
4(916 917 921 920)
4(878 921 922 879)
4(917 918 922 921)
4(877 881 924 920)
4(919 920 924 923)
4(878 882 925 921)
4(881 924 925 882)
4(920 921 925 924)
4(882 925 926 883)
4(921 922 926 925)
4(882 885 928 925)
4(924 925 928 927)
4(925 926 929 928)
4(888 892 935 931)
4(891 934 935 892)
4(930 931 935 934)
4(889 893 936 932)
4(892 935 936 893)
4(931 932 936 935)
4(893 936 937 894)
4(932 933 937 936)
4(892 896 939 935)
4(895 938 939 896)
4(934 935 939 938)
4(893 897 940 936)
4(896 939 940 897)
4(935 936 940 939)
4(897 940 941 898)
4(936 937 941 940)
4(896 900 943 939)
4(899 942 943 900)
4(938 939 943 942)
4(897 901 944 940)
4(900 943 944 901)
4(939 940 944 943)
4(901 944 945 902)
4(940 941 945 944)
4(900 904 947 943)
4(903 946 947 904)
4(942 943 947 946)
4(901 905 948 944)
4(904 947 948 905)
4(943 944 948 947)
4(905 948 949 906)
4(944 945 949 948)
4(904 908 951 947)
4(907 950 951 908)
4(946 947 951 950)
4(905 909 952 948)
4(908 951 952 909)
4(947 948 952 951)
4(909 952 953 910)
4(948 949 953 952)
4(908 912 955 951)
4(911 954 955 912)
4(950 951 955 954)
4(909 913 956 952)
4(912 955 956 913)
4(951 952 956 955)
4(913 956 957 914)
4(952 953 957 956)
4(912 916 959 955)
4(915 958 959 916)
4(954 955 959 958)
4(913 917 960 956)
4(916 959 960 917)
4(955 956 960 959)
4(917 960 961 918)
4(956 957 961 960)
4(916 920 963 959)
4(919 962 963 920)
4(958 959 963 962)
4(917 921 964 960)
4(920 963 964 921)
4(959 960 964 963)
4(921 964 965 922)
4(960 961 965 964)
4(920 924 967 963)
4(962 963 967 966)
4(921 925 968 964)
4(924 967 968 925)
4(963 964 968 967)
4(925 968 969 926)
4(964 965 969 968)
4(925 928 972 968)
4(967 968 972 971)
4(968 969 973 972)
4(931 935 979 975)
4(934 978 979 935)
4(932 936 980 976)
4(935 979 980 936)
4(936 980 981 937)
4(935 939 983 979)
4(938 982 983 939)
4(936 940 984 980)
4(939 983 984 940)
4(940 984 985 941)
4(939 943 987 983)
4(942 986 987 943)
4(940 944 988 984)
4(943 987 988 944)
4(944 988 989 945)
4(943 947 991 987)
4(946 990 991 947)
4(944 948 992 988)
4(947 991 992 948)
4(948 992 993 949)
4(947 951 995 991)
4(950 994 995 951)
4(948 952 996 992)
4(951 995 996 952)
4(952 996 997 953)
4(951 955 999 995)
4(954 998 999 955)
4(952 956 1000 996)
4(955 999 1000 956)
4(956 1000 1001 957)
4(955 959 1003 999)
4(958 1002 1003 959)
4(956 960 1004 1000)
4(959 1003 1004 960)
4(960 1004 1005 961)
4(959 963 1007 1003)
4(962 1006 1007 963)
4(960 964 1008 1004)
4(963 1007 1008 964)
4(964 1008 1009 965)
4(963 967 1011 1007)
4(966 1010 1011 967)
4(964 968 1012 1008)
4(967 1011 1012 968)
4(968 1012 1013 969)
4(967 971 1015 1011)
4(968 972 1016 1012)
4(0 3 4 1)
4(3 6 7 4)
4(6 9 10 7)
4(9 12 13 10)
4(12 15 16 13)
4(15 18 19 16)
4(18 21 22 19)
4(21 24 25 22)
4(24 27 28 25)
4(27 30 31 28)
4(1 4 5 2)
4(4 7 8 5)
4(7 10 11 8)
4(10 13 14 11)
4(13 16 17 14)
4(16 19 20 17)
4(19 22 23 20)
4(22 25 26 23)
4(25 28 29 26)
4(28 31 32 29)
4(974 975 979 978)
4(978 979 983 982)
4(982 983 987 986)
4(986 987 991 990)
4(990 991 995 994)
4(994 995 999 998)
4(998 999 1003 1002)
4(1002 1003 1007 1006)
4(1006 1007 1011 1010)
4(1010 1011 1015 1014)
4(975 976 980 979)
4(979 980 984 983)
4(983 984 988 987)
4(987 988 992 991)
4(991 992 996 995)
4(995 996 1000 999)
4(999 1000 1004 1003)
4(1003 1004 1008 1007)
4(1007 1008 1012 1011)
4(1011 1012 1016 1015)
4(976 977 981 980)
4(980 981 985 984)
4(984 985 989 988)
4(988 989 993 992)
4(992 993 997 996)
4(996 997 1001 1000)
4(1000 1001 1005 1004)
4(1004 1005 1009 1008)
4(1008 1009 1013 1012)
4(1012 1013 1017 1016)
4(930 931 975 974)
4(0 1 35 34)
4(34 35 70 69)
4(69 70 105 104)
4(104 105 140 139)
4(139 140 176 175)
4(175 176 212 211)
4(211 212 249 248)
4(248 249 286 285)
4(285 286 323 322)
4(322 323 361 360)
4(360 361 399 398)
4(398 399 438 437)
4(437 438 477 476)
4(476 477 516 515)
4(515 516 556 555)
4(555 556 596 595)
4(595 596 637 636)
4(636 637 678 677)
4(677 678 719 718)
4(718 719 761 760)
4(760 761 803 802)
4(802 803 846 845)
4(845 846 889 888)
4(888 889 932 931)
4(931 932 976 975)
4(1 2 36 35)
4(35 36 71 70)
4(70 71 106 105)
4(105 106 141 140)
4(140 141 177 176)
4(176 177 213 212)
4(212 213 250 249)
4(249 250 287 286)
4(286 287 324 323)
4(323 324 362 361)
4(361 362 400 399)
4(399 400 439 438)
4(438 439 478 477)
4(477 478 517 516)
4(516 517 557 556)
4(556 557 597 596)
4(596 597 638 637)
4(637 638 679 678)
4(678 679 720 719)
4(719 720 762 761)
4(761 762 804 803)
4(803 804 847 846)
4(846 847 890 889)
4(889 890 933 932)
4(932 933 977 976)
4(970 1014 1015 971)
4(30 65 66 31)
4(65 100 101 66)
4(100 135 136 101)
4(135 171 172 136)
4(171 207 208 172)
4(207 244 245 208)
4(244 281 282 245)
4(281 318 319 282)
4(318 356 357 319)
4(356 394 395 357)
4(394 433 434 395)
4(433 472 473 434)
4(472 511 512 473)
4(511 551 552 512)
4(551 591 592 552)
4(591 632 633 592)
4(632 673 674 633)
4(673 714 715 674)
4(714 756 757 715)
4(756 798 799 757)
4(798 841 842 799)
4(841 884 885 842)
4(884 927 928 885)
4(927 971 972 928)
4(971 1015 1016 972)
4(31 66 67 32)
4(66 101 102 67)
4(101 136 137 102)
4(136 172 173 137)
4(172 208 209 173)
4(208 245 246 209)
4(245 282 283 246)
4(282 319 320 283)
4(319 357 358 320)
4(357 395 396 358)
4(395 434 435 396)
4(434 473 474 435)
4(473 512 513 474)
4(512 552 553 513)
4(552 592 593 553)
4(592 633 634 593)
4(633 674 675 634)
4(674 715 716 675)
4(715 757 758 716)
4(757 799 800 758)
4(799 842 843 800)
4(842 885 886 843)
4(885 928 929 886)
4(928 972 973 929)
4(972 1016 1017 973)
4(2 5 40 36)
4(5 8 43 40)
4(8 11 46 43)
4(11 14 49 46)
4(14 17 52 49)
4(17 20 55 52)
4(20 23 58 55)
4(23 26 61 58)
4(26 29 64 61)
4(29 32 67 64)
4(36 40 75 71)
4(40 43 78 75)
4(43 46 81 78)
4(46 49 84 81)
4(49 52 87 84)
4(52 55 90 87)
4(55 58 93 90)
4(58 61 96 93)
4(61 64 99 96)
4(64 67 102 99)
4(71 75 110 106)
4(75 78 113 110)
4(78 81 116 113)
4(81 84 119 116)
4(84 87 122 119)
4(87 90 125 122)
4(90 93 128 125)
4(93 96 131 128)
4(96 99 134 131)
4(99 102 137 134)
4(106 110 145 141)
4(110 113 149 145)
4(113 116 152 149)
4(116 119 155 152)
4(119 122 158 155)
4(122 125 161 158)
4(125 128 164 161)
4(128 131 167 164)
4(131 134 170 167)
4(134 137 173 170)
4(141 145 181 177)
4(145 149 185 181)
4(149 152 188 185)
4(152 155 191 188)
4(155 158 194 191)
4(158 161 197 194)
4(161 164 200 197)
4(164 167 203 200)
4(167 170 206 203)
4(170 173 209 206)
4(177 181 217 213)
4(181 185 221 217)
4(185 188 225 221)
4(188 191 228 225)
4(191 194 231 228)
4(194 197 234 231)
4(197 200 237 234)
4(200 203 240 237)
4(203 206 243 240)
4(206 209 246 243)
4(213 217 254 250)
4(217 221 258 254)
4(221 225 262 258)
4(225 228 265 262)
4(228 231 268 265)
4(231 234 271 268)
4(234 237 274 271)
4(237 240 277 274)
4(240 243 280 277)
4(243 246 283 280)
4(250 254 291 287)
4(254 258 295 291)
4(258 262 299 295)
4(262 265 302 299)
4(265 268 305 302)
4(268 271 308 305)
4(271 274 311 308)
4(274 277 314 311)
4(277 280 317 314)
4(280 283 320 317)
4(287 291 328 324)
4(291 295 332 328)
4(295 299 336 332)
4(299 302 340 336)
4(302 305 343 340)
4(305 308 346 343)
4(308 311 349 346)
4(311 314 352 349)
4(314 317 355 352)
4(317 320 358 355)
4(324 328 366 362)
4(328 332 370 366)
4(332 336 374 370)
4(336 340 378 374)
4(340 343 381 378)
4(343 346 384 381)
4(346 349 387 384)
4(349 352 390 387)
4(352 355 393 390)
4(355 358 396 393)
4(362 366 404 400)
4(366 370 408 404)
4(370 374 412 408)
4(374 378 416 412)
4(378 381 420 416)
4(381 384 423 420)
4(384 387 426 423)
4(387 390 429 426)
4(390 393 432 429)
4(393 396 435 432)
4(400 404 443 439)
4(404 408 447 443)
4(408 412 451 447)
4(412 416 455 451)
4(416 420 459 455)
4(420 423 462 459)
4(423 426 465 462)
4(426 429 468 465)
4(429 432 471 468)
4(432 435 474 471)
4(439 443 482 478)
4(443 447 486 482)
4(447 451 490 486)
4(451 455 494 490)
4(455 459 498 494)
4(459 462 501 498)
4(462 465 504 501)
4(465 468 507 504)
4(468 471 510 507)
4(471 474 513 510)
4(478 482 521 517)
4(482 486 525 521)
4(486 490 529 525)
4(490 494 533 529)
4(494 498 537 533)
4(498 501 541 537)
4(501 504 544 541)
4(504 507 547 544)
4(507 510 550 547)
4(510 513 553 550)
4(517 521 561 557)
4(521 525 565 561)
4(525 529 569 565)
4(529 533 573 569)
4(533 537 577 573)
4(537 541 581 577)
4(541 544 584 581)
4(544 547 587 584)
4(547 550 590 587)
4(550 553 593 590)
4(557 561 601 597)
4(561 565 605 601)
4(565 569 609 605)
4(569 573 613 609)
4(573 577 617 613)
4(577 581 621 617)
4(581 584 625 621)
4(584 587 628 625)
4(587 590 631 628)
4(590 593 634 631)
4(597 601 642 638)
4(601 605 646 642)
4(605 609 650 646)
4(609 613 654 650)
4(613 617 658 654)
4(617 621 662 658)
4(621 625 666 662)
4(625 628 669 666)
4(628 631 672 669)
4(631 634 675 672)
4(638 642 683 679)
4(642 646 687 683)
4(646 650 691 687)
4(650 654 695 691)
4(654 658 699 695)
4(658 662 703 699)
4(662 666 707 703)
4(666 669 710 707)
4(669 672 713 710)
4(672 675 716 713)
4(679 683 724 720)
4(683 687 728 724)
4(687 691 732 728)
4(691 695 736 732)
4(695 699 740 736)
4(699 703 744 740)
4(703 707 748 744)
4(707 710 752 748)
4(710 713 755 752)
4(713 716 758 755)
4(720 724 766 762)
4(724 728 770 766)
4(728 732 774 770)
4(732 736 778 774)
4(736 740 782 778)
4(740 744 786 782)
4(744 748 790 786)
4(748 752 794 790)
4(752 755 797 794)
4(755 758 800 797)
4(762 766 808 804)
4(766 770 812 808)
4(770 774 816 812)
4(774 778 820 816)
4(778 782 824 820)
4(782 786 828 824)
4(786 790 832 828)
4(790 794 836 832)
4(794 797 840 836)
4(797 800 843 840)
4(804 808 851 847)
4(808 812 855 851)
4(812 816 859 855)
4(816 820 863 859)
4(820 824 867 863)
4(824 828 871 867)
4(828 832 875 871)
4(832 836 879 875)
4(836 840 883 879)
4(840 843 886 883)
4(847 851 894 890)
4(851 855 898 894)
4(855 859 902 898)
4(859 863 906 902)
4(863 867 910 906)
4(867 871 914 910)
4(871 875 918 914)
4(875 879 922 918)
4(879 883 926 922)
4(883 886 929 926)
4(890 894 937 933)
4(894 898 941 937)
4(898 902 945 941)
4(902 906 949 945)
4(906 910 953 949)
4(910 914 957 953)
4(914 918 961 957)
4(918 922 965 961)
4(922 926 969 965)
4(926 929 973 969)
4(933 937 981 977)
4(937 941 985 981)
4(941 945 989 985)
4(945 949 993 989)
4(949 953 997 993)
4(953 957 1001 997)
4(957 961 1005 1001)
4(961 965 1009 1005)
4(965 969 1013 1009)
4(969 973 1017 1013)
4(0 34 38 3)
4(33 37 38 34)
4(3 38 41 6)
4(6 41 44 9)
4(9 44 47 12)
4(12 47 50 15)
4(15 50 53 18)
4(18 53 56 21)
4(21 56 59 24)
4(24 59 62 27)
4(27 62 65 30)
4(33 68 72 37)
4(37 72 73 38)
4(38 73 76 41)
4(41 76 79 44)
4(44 79 82 47)
4(47 82 85 50)
4(50 85 88 53)
4(53 88 91 56)
4(56 91 94 59)
4(59 94 97 62)
4(62 97 100 65)
4(68 103 107 72)
4(72 107 108 73)
4(73 108 111 76)
4(76 111 114 79)
4(79 114 117 82)
4(82 117 120 85)
4(85 120 123 88)
4(88 123 126 91)
4(91 126 129 94)
4(94 129 132 97)
4(97 132 135 100)
4(103 138 142 107)
4(107 142 143 108)
4(108 143 147 111)
4(142 146 147 143)
4(111 147 150 114)
4(114 150 153 117)
4(117 153 156 120)
4(120 156 159 123)
4(123 159 162 126)
4(126 162 165 129)
4(129 165 168 132)
4(132 168 171 135)
4(138 174 178 142)
4(142 178 182 146)
4(146 182 183 147)
4(147 183 186 150)
4(150 186 189 153)
4(153 189 192 156)
4(156 192 195 159)
4(159 195 198 162)
4(162 198 201 165)
4(165 201 204 168)
4(168 204 207 171)
4(174 210 214 178)
4(178 214 218 182)
4(182 218 219 183)
4(183 219 223 186)
4(218 222 223 219)
4(186 223 226 189)
4(189 226 229 192)
4(192 229 232 195)
4(195 232 235 198)
4(198 235 238 201)
4(201 238 241 204)
4(204 241 244 207)
4(210 247 251 214)
4(214 251 255 218)
4(218 255 259 222)
4(222 259 260 223)
4(223 260 263 226)
4(226 263 266 229)
4(229 266 269 232)
4(232 269 272 235)
4(235 272 275 238)
4(238 275 278 241)
4(241 278 281 244)
4(247 284 288 251)
4(251 288 292 255)
4(255 292 296 259)
4(259 296 297 260)
4(260 297 300 263)
4(263 300 303 266)
4(266 303 306 269)
4(269 306 309 272)
4(272 309 312 275)
4(275 312 315 278)
4(278 315 318 281)
4(284 321 325 288)
4(288 325 329 292)
4(292 329 333 296)
4(296 333 334 297)
4(297 334 338 300)
4(333 337 338 334)
4(300 338 341 303)
4(303 341 344 306)
4(306 344 347 309)
4(309 347 350 312)
4(312 350 353 315)
4(315 353 356 318)
4(321 359 363 325)
4(325 363 367 329)
4(329 367 371 333)
4(333 371 375 337)
4(337 375 376 338)
4(338 376 379 341)
4(341 379 382 344)
4(344 382 385 347)
4(347 385 388 350)
4(350 388 391 353)
4(353 391 394 356)
4(359 397 401 363)
4(363 401 405 367)
4(367 405 409 371)
4(371 409 413 375)
4(375 413 414 376)
4(376 414 418 379)
4(413 417 418 414)
4(379 418 421 382)
4(382 421 424 385)
4(385 424 427 388)
4(388 427 430 391)
4(391 430 433 394)
4(397 436 440 401)
4(401 440 444 405)
4(405 444 448 409)
4(409 448 452 413)
4(413 452 456 417)
4(417 456 457 418)
4(418 457 460 421)
4(421 460 463 424)
4(424 463 466 427)
4(427 466 469 430)
4(430 469 472 433)
4(436 475 479 440)
4(440 479 483 444)
4(444 483 487 448)
4(448 487 491 452)
4(452 491 495 456)
4(456 495 496 457)
4(457 496 499 460)
4(460 499 502 463)
4(463 502 505 466)
4(466 505 508 469)
4(469 508 511 472)
4(475 514 518 479)
4(479 518 522 483)
4(483 522 526 487)
4(487 526 530 491)
4(491 530 534 495)
4(495 534 535 496)
4(496 535 539 499)
4(534 538 539 535)
4(499 539 542 502)
4(502 542 545 505)
4(505 545 548 508)
4(508 548 551 511)
4(514 554 558 518)
4(518 558 562 522)
4(522 562 566 526)
4(526 566 570 530)
4(530 570 574 534)
4(534 574 578 538)
4(538 578 579 539)
4(539 579 582 542)
4(542 582 585 545)
4(545 585 588 548)
4(548 588 591 551)
4(554 594 598 558)
4(558 598 602 562)
4(562 602 606 566)
4(566 606 610 570)
4(570 610 614 574)
4(574 614 618 578)
4(578 618 619 579)
4(579 619 623 582)
4(618 622 623 619)
4(582 623 626 585)
4(585 626 629 588)
4(588 629 632 591)
4(594 635 639 598)
4(598 639 643 602)
4(602 643 647 606)
4(606 647 651 610)
4(610 651 655 614)
4(614 655 659 618)
4(618 659 663 622)
4(622 663 664 623)
4(623 664 667 626)
4(626 667 670 629)
4(629 670 673 632)
4(635 676 680 639)
4(639 680 684 643)
4(643 684 688 647)
4(647 688 692 651)
4(651 692 696 655)
4(655 696 700 659)
4(659 700 704 663)
4(663 704 705 664)
4(664 705 708 667)
4(667 708 711 670)
4(670 711 714 673)
4(676 717 721 680)
4(680 721 725 684)
4(684 725 729 688)
4(688 729 733 692)
4(692 733 737 696)
4(696 737 741 700)
4(700 741 745 704)
4(704 745 746 705)
4(705 746 750 708)
4(745 749 750 746)
4(708 750 753 711)
4(711 753 756 714)
4(717 759 763 721)
4(721 763 767 725)
4(725 767 771 729)
4(729 771 775 733)
4(733 775 779 737)
4(737 779 783 741)
4(741 783 787 745)
4(745 787 791 749)
4(749 791 792 750)
4(750 792 795 753)
4(753 795 798 756)
4(759 801 805 763)
4(763 805 809 767)
4(767 809 813 771)
4(771 813 817 775)
4(775 817 821 779)
4(779 821 825 783)
4(783 825 829 787)
4(787 829 833 791)
4(791 833 834 792)
4(792 834 838 795)
4(833 837 838 834)
4(795 838 841 798)
4(801 844 848 805)
4(805 848 852 809)
4(809 852 856 813)
4(813 856 860 817)
4(817 860 864 821)
4(821 864 868 825)
4(825 868 872 829)
4(829 872 876 833)
4(833 876 880 837)
4(837 880 881 838)
4(838 881 884 841)
4(844 887 891 848)
4(848 891 895 852)
4(852 895 899 856)
4(856 899 903 860)
4(860 903 907 864)
4(864 907 911 868)
4(868 911 915 872)
4(872 915 919 876)
4(876 919 923 880)
4(880 923 924 881)
4(881 924 927 884)
4(887 930 934 891)
4(891 934 938 895)
4(895 938 942 899)
4(899 942 946 903)
4(903 946 950 907)
4(907 950 954 911)
4(911 954 958 915)
4(915 958 962 919)
4(919 962 966 923)
4(923 966 967 924)
4(924 967 971 927)
4(966 970 971 967)
4(930 974 978 934)
4(934 978 982 938)
4(938 982 986 942)
4(942 986 990 946)
4(946 990 994 950)
4(950 994 998 954)
4(954 998 1002 958)
4(958 1002 1006 962)
4(962 1006 1010 966)
4(966 1010 1014 970)
4(33 34 69 68)
4(68 69 104 103)
4(103 104 139 138)
4(138 139 175 174)
4(174 175 211 210)
4(210 211 248 247)
4(247 248 285 284)
4(284 285 322 321)
4(321 322 360 359)
4(359 360 398 397)
4(397 398 437 436)
4(436 437 476 475)
4(475 476 515 514)
4(514 515 555 554)
4(554 555 595 594)
4(594 595 636 635)
4(635 636 677 676)
4(676 677 718 717)
4(717 718 760 759)
4(759 760 802 801)
4(801 802 845 844)
4(844 845 888 887)
4(887 888 931 930)
)


// ************************************************************************* //
