/*--------------------------------*- C++ -*----------------------------------*\
| =========                 |                                                 |
| \\      /  F ield         | OpenFOAM: The Open Source CFD Toolbox           |
|  \\    /   O peration     | Version:  2.4.0                                 |
|   \\  /    A nd           | Web:      www.OpenFOAM.org                      |
|    \\/     M anipulation  |                                                 |
\*---------------------------------------------------------------------------*/
FoamFile
{
    version     2.0;
    format      ascii;
    class       labelList;
    location    "constant/polyMesh";
    object      faceProcAddressing;
}
// * * * * * * * * * * * * * * * * * * * * * * * * * * * * * * * * * * * * * //


2229
(
25
26
27
28
29
54
55
56
57
58
83
84
85
86
87
112
113
114
115
116
141
142
143
144
145
170
171
172
173
174
199
200
201
202
203
228
229
230
231
232
257
258
259
260
261
278
279
280
302
304
305
306
307
308
309
334
335
336
337
338
363
364
365
366
367
392
393
394
395
396
421
422
423
424
425
450
451
452
453
454
479
480
481
482
483
508
509
510
511
512
537
538
539
540
541
558
559
560
582
584
585
586
587
588
589
614
615
616
617
618
643
644
645
646
647
672
673
674
675
676
701
702
703
704
705
730
731
732
733
734
759
760
761
762
763
788
789
790
791
792
817
818
819
820
821
838
839
840
862
864
865
866
867
868
869
894
895
896
897
898
923
924
925
926
927
952
953
954
955
956
981
982
983
984
985
1010
1011
1012
1013
1014
1039
1040
1041
1042
1043
1068
1069
1070
1071
1072
1097
1098
1099
1100
1101
1118
1119
1120
1142
1143
1144
1145
1146
1147
1148
1149
1171
1173
1174
1175
1176
1177
1178
1203
1204
1205
1206
1207
1232
1233
1234
1235
1236
1261
1262
1263
1264
1265
1290
1291
1292
1293
1294
1319
1320
1321
1322
1323
1348
1349
1350
1351
1352
1377
1378
1379
1380
1381
1398
1399
1400
1422
1423
1424
1425
1426
1427
1428
1429
1451
1453
1454
1455
1456
1457
1458
1483
1484
1485
1486
1487
1512
1513
1514
1515
1516
1541
1542
1543
1544
1545
1570
1571
1572
1573
1574
1599
1600
1601
1602
1603
1628
1629
1630
1631
1632
1657
1658
1659
1660
1661
1678
1679
1680
1702
1703
1704
1705
1706
1707
1708
1709
1731
1732
1733
1734
1735
1736
1737
1738
1760
1762
1763
1764
1765
1766
1767
1792
1793
1794
1795
1796
1821
1822
1823
1824
1825
1850
1851
1852
1853
1854
1879
1880
1881
1882
1883
1908
1909
1910
1911
1912
1937
1938
1939
1940
1941
1958
1959
1960
1982
1983
1984
1985
1986
1987
1988
1989
2011
2012
2013
2014
2015
2016
2017
2018
2040
2042
2043
2044
2045
2046
2047
2072
2073
2074
2075
2076
2101
2102
2103
2104
2105
2130
2131
2132
2133
2134
2159
2160
2161
2162
2163
2188
2189
2190
2191
2192
2217
2218
2219
2220
2221
2238
2239
2240
2262
2263
2264
2265
2266
2267
2268
2269
2291
2292
2293
2294
2295
2296
2297
2298
2320
2322
2323
2324
2325
2326
2327
2352
2353
2354
2355
2356
2381
2382
2383
2384
2385
2410
2411
2412
2413
2414
2439
2440
2441
2442
2443
2468
2469
2470
2471
2472
2497
2498
2499
2500
2501
2518
2519
2520
2542
2543
2544
2545
2546
2547
2548
2549
2571
2572
2573
2574
2575
2576
2577
2578
2600
2601
2602
2603
2604
2605
2606
2607
2629
2631
2632
2633
2634
2635
2636
2661
2662
2663
2664
2665
2690
2691
2692
2693
2694
2719
2720
2721
2722
2723
2748
2749
2750
2751
2752
2777
2778
2779
2780
2781
2798
2799
2800
2822
2823
2824
2825
2826
2827
2828
2829
2851
2852
2853
2854
2855
2856
2857
2858
2880
2881
2882
2883
2884
2885
2886
2887
2909
2911
2912
2913
2914
2915
2916
2941
2942
2943
2944
2945
2970
2971
2972
2973
2974
2999
3000
3001
3002
3003
3028
3029
3030
3031
3032
3057
3058
3059
3060
3061
3078
3079
3080
3102
3103
3104
3105
3106
3107
3108
3109
3131
3132
3133
3134
3135
3136
3137
3138
3160
3161
3162
3163
3164
3165
3166
3167
3189
3190
3191
3192
3193
3194
3195
3196
3218
3220
3221
3222
3223
3224
3225
3250
3251
3252
3253
3254
3279
3280
3281
3282
3283
3308
3309
3310
3311
3312
3337
3338
3339
3340
3341
3358
3359
3360
3382
3383
3384
3385
3386
3387
3388
3389
3411
3412
3413
3414
3415
3416
3417
3418
3440
3441
3442
3443
3444
3445
3446
3447
3469
3470
3471
3472
3473
3474
3475
3476
3498
3500
3501
3502
3503
3504
3505
3530
3531
3532
3533
3534
3559
3560
3561
3562
3563
3588
3589
3590
3591
3592
3617
3618
3619
3620
3621
3638
3639
3640
3662
3663
3664
3665
3666
3667
3668
3669
3691
3692
3693
3694
3695
3696
3697
3698
3720
3721
3722
3723
3724
3725
3726
3727
3749
3750
3751
3752
3753
3754
3755
3756
3778
3780
3781
3782
3783
3784
3785
3810
3811
3812
3813
3814
3839
3840
3841
3842
3843
3868
3869
3870
3871
3872
3897
3898
3899
3900
3901
3918
3919
3920
3942
3943
3944
3945
3946
3947
3948
3949
3971
3972
3973
3974
3975
3976
3977
3978
4000
4001
4002
4003
4004
4005
4006
4007
4029
4030
4031
4032
4033
4034
4035
4036
4058
4059
4060
4061
4062
4063
4064
4065
4087
4089
4090
4091
4092
4093
4094
4119
4120
4121
4122
4123
4148
4149
4150
4151
4152
4177
4178
4179
4180
4181
4198
4199
4200
4222
4223
4224
4225
4226
4227
4228
4229
4251
4252
4253
4254
4255
4256
4257
4258
4280
4281
4282
4283
4284
4285
4286
4287
4309
4310
4311
4312
4313
4314
4315
4316
4338
4339
4340
4341
4342
4343
4344
4345
4367
4369
4370
4371
4372
4373
4374
4399
4400
4401
4402
4403
4428
4429
4430
4431
4432
4457
4458
4459
4460
4461
4478
4479
4480
4502
4503
4504
4505
4506
4507
4508
4509
4531
4532
4533
4534
4535
4536
4537
4538
4560
4561
4562
4563
4564
4565
4566
4567
4589
4590
4591
4592
4593
4594
4595
4596
4618
4619
4620
4621
4622
4623
4624
4625
4647
4648
4649
4650
4651
4652
4653
4654
4676
4678
4679
4680
4681
4682
4683
4708
4709
4710
4711
4712
4737
4738
4739
4740
4741
4758
4759
4760
4782
4783
4784
4785
4786
4787
4788
4789
4811
4812
4813
4814
4815
4816
4817
4818
4840
4841
4842
4843
4844
4845
4846
4847
4869
4870
4871
4872
4873
4874
4875
4876
4898
4899
4900
4901
4902
4903
4904
4905
4927
4928
4929
4930
4931
4932
4933
4934
4956
4958
4959
4960
4961
4962
4963
4988
4989
4990
4991
4992
5017
5018
5019
5020
5021
5038
5039
5040
5062
5063
5064
5065
5066
5067
5068
5069
5091
5092
5093
5094
5095
5096
5097
5098
5120
5121
5122
5123
5124
5125
5126
5127
5149
5150
5151
5152
5153
5154
5155
5156
5178
5179
5180
5181
5182
5183
5184
5185
5207
5208
5209
5210
5211
5212
5213
5214
5236
5238
5239
5240
5241
5242
5243
5268
5269
5270
5271
5272
5297
5298
5299
5300
5301
5318
5319
5320
5342
5343
5344
5345
5346
5347
5348
5349
5371
5372
5373
5374
5375
5376
5377
5378
5400
5401
5402
5403
5404
5405
5406
5407
5429
5430
5431
5432
5433
5434
5435
5436
5458
5459
5460
5461
5462
5463
5464
5465
5487
5488
5489
5490
5491
5492
5493
5494
5516
5517
5518
5519
5520
5521
5522
5523
5545
5547
5548
5549
5550
5551
5552
5577
5578
5579
5580
5581
5598
5599
5600
5622
5623
5624
5625
5626
5627
5628
5629
5651
5652
5653
5654
5655
5656
5657
5658
5680
5681
5682
5683
5684
5685
5686
5687
5709
5710
5711
5712
5713
5714
5715
5716
5738
5739
5740
5741
5742
5743
5744
5745
5767
5768
5769
5770
5771
5772
5773
5774
5796
5797
5798
5799
5800
5801
5802
5803
5825
5827
5828
5829
5830
5831
5832
5857
5858
5859
5860
5861
5878
5879
5880
5902
5903
5904
5905
5906
5907
5908
5909
5931
5932
5933
5934
5935
5936
5937
5938
5960
5961
5962
5963
5964
5965
5966
5967
5989
5990
5991
5992
5993
5994
5995
5996
6018
6019
6020
6021
6022
6023
6024
6025
6047
6048
6049
6050
6051
6052
6053
6054
6076
6077
6078
6079
6080
6081
6082
6083
6105
6106
6107
6108
6109
6110
6111
6112
6134
6136
6137
6138
6139
6140
6141
6158
6159
6160
6182
6183
6184
6185
6186
6187
6188
6189
6211
6212
6213
6214
6215
6216
6217
6218
6240
6241
6242
6243
6244
6245
6246
6247
6269
6270
6271
6272
6273
6274
6275
6276
6298
6299
6300
6301
6302
6303
6304
6305
6327
6328
6329
6330
6331
6332
6333
6334
6356
6357
6358
6359
6360
6361
6362
6363
6385
6386
6387
6388
6389
6390
6391
6392
6414
6416
6417
6418
6419
6420
6421
6438
6439
6440
6462
6463
6464
6465
6466
6467
6468
6469
6491
6492
6493
6494
6495
6496
6497
6498
6520
6521
6522
6523
6524
6525
6526
6527
6549
6550
6551
6552
6553
6554
6555
6556
6578
6579
6580
6581
6582
6583
6584
6585
6607
6608
6609
6610
6611
6612
6613
6614
6636
6637
6638
6639
6640
6641
6642
6643
6665
6666
6667
6668
6669
6670
6671
6672
6694
6696
6697
6698
6699
6700
6701
6718
6719
6720
6735
6736
6737
6738
6739
6754
6755
6756
6757
6758
6773
6774
6775
6776
6777
6792
6793
6794
6795
6796
6811
6812
6813
6814
6815
6830
6831
6832
6833
6834
6849
6850
6851
6852
6853
6868
6869
6870
6871
6872
6887
6888
6889
6890
6891
6899
6900
6981
6982
6983
6984
6985
6986
6987
6988
6989
6990
6991
6992
6993
6994
6995
6996
6997
6998
6999
7000
7071
7072
7073
7074
7075
7076
7077
7078
7079
7080
7081
7082
7083
7084
7085
7086
7087
7088
7089
7090
7091
7092
7093
7094
7095
7096
7097
7098
7099
7100
7800
7801
7802
7803
7804
7805
7806
7807
7808
7809
7810
7811
7812
7813
7814
7815
7816
7817
7818
7819
7820
7821
7822
7823
7824
7825
7826
7827
7828
7829
7830
7831
7832
7833
7834
7835
7836
7837
7838
7839
7840
7841
7842
7843
7844
7845
7846
7847
7848
7849
7850
8050
8051
8052
8053
8054
8055
8056
8057
8058
8059
8060
8061
8062
8063
8064
8065
8066
8067
8068
8069
8070
8071
8072
8073
8074
8075
8076
8077
8078
8079
8080
8081
8082
8083
8084
8085
8086
8087
8088
8089
8090
8091
8092
8093
8094
8095
8096
8097
8098
8099
8100
7351
7352
7353
7354
7355
7356
7357
7358
7359
7360
7361
7362
7363
7364
7365
7366
7367
7368
7369
7370
7371
7372
7373
7374
7375
7376
7377
7378
7379
7380
7381
7382
7383
7384
7385
7386
7387
7388
7389
7390
7391
7392
7393
7394
7395
7396
7397
7398
7399
7400
7401
7402
7403
7404
7405
7406
7407
7408
7409
7410
7411
7412
7413
7414
7415
7416
7417
7418
7419
7420
7421
7422
7423
7424
7425
7426
7427
7428
7429
7430
7431
7432
7433
7434
7435
7436
7437
7438
7439
7440
7441
7442
7443
7444
7445
7446
7447
7448
7449
7450
7451
7452
7453
7454
7455
7456
7457
7458
7459
7460
7461
7462
7463
7464
7465
7466
7467
7468
7469
7470
7471
7472
7473
7474
7475
7476
7477
7478
7479
7480
7481
7482
7483
7484
7485
7486
7487
7488
7489
7490
7491
7492
7493
7494
7495
7496
7497
7498
7499
7500
7501
7502
7503
7504
7505
7506
7507
7508
7509
7510
7511
7512
7513
7514
7515
7516
7517
7518
7519
7520
7521
7522
7523
7524
7525
7526
7527
7528
7529
7530
7531
7532
7533
7534
7535
7536
7537
7538
7539
7540
7541
7542
7543
7544
7545
7546
7547
7548
7549
7550
7551
7552
7553
7554
7555
7556
7557
7558
7559
7560
7561
7562
7563
7564
7565
7566
7567
7568
7569
7570
7571
7572
7573
7574
7575
7576
7577
7578
7579
7580
7581
7582
7583
7584
7585
7586
7587
7588
7589
7590
7591
7592
7593
7594
7595
7596
7597
7598
7599
7600
-22
-24
-51
-80
-109
-138
-167
-196
-225
-254
-276
-299
303
-331
-360
-389
-418
-447
-476
-505
-534
-556
-579
583
-611
-640
-669
-698
-727
-756
-785
-814
-836
-859
863
-891
-893
-920
-949
-978
-1007
-1036
-1065
-1094
-1116
-1139
-1168
1172
-1200
-1229
-1258
-1287
-1316
-1345
-1374
-1396
-1419
-1448
1452
-1480
-1482
-1509
-1538
-1567
-1596
-1625
-1654
-1676
-1699
-1728
-1757
1761
-1789
-1818
-1847
-1876
-1905
-1934
-1956
-1979
-2008
-2037
2041
-2069
-2098
-2127
-2156
-2185
-2214
-2236
-2259
-2288
-2317
2321
-2349
-2351
-2378
-2407
-2436
-2465
-2494
-2516
-2539
-2568
-2597
-2626
2630
-2658
-2687
-2716
-2745
-2774
-2796
-2819
-2848
-2877
-2906
2910
-2938
-2940
-2967
-2996
-3025
-3054
-3076
-3099
-3128
-3157
-3186
-3215
3219
-3247
-3276
-3305
-3334
-3356
-3379
-3408
-3437
-3466
-3495
3499
-3527
-3556
-3585
-3614
-3636
-3659
-3688
-3717
-3746
-3775
3779
-3807
-3809
-3836
-3865
-3894
-3916
-3939
-3968
-3997
-4026
-4055
-4084
4088
-4116
-4145
-4174
-4196
-4219
-4248
-4277
-4306
-4335
-4364
4368
-4396
-4398
-4425
-4454
-4476
-4499
-4528
-4557
-4586
-4615
-4644
-4673
4677
-4705
-4734
-4756
-4779
-4808
-4837
-4866
-4895
-4924
-4953
4957
-4985
-5014
-5036
-5059
-5088
-5117
-5146
-5175
-5204
-5233
5237
-5265
-5267
-5294
-5316
-5339
-5368
-5397
-5426
-5455
-5484
-5513
-5542
5546
-5574
-5596
-5619
-5648
-5677
-5706
-5735
-5764
-5793
-5822
5826
-5854
-5856
-5876
-5899
-5928
-5957
-5986
-6015
-6044
-6073
-6102
-6131
6135
-6156
-6179
-6208
-6237
-6266
-6295
-6324
-6353
-6382
-6411
6415
-6436
-6459
-6488
-6517
-6546
-6575
-6604
-6633
-6662
-6691
6695
-6716
-6717
-6733
-6752
-6771
-6790
-6809
-6828
-6847
-6866
-6885
-6898
7777
7778
7779
7780
7781
7782
7783
7784
7785
7786
7787
7788
7789
7790
7791
7792
7793
7794
7795
7796
7797
7798
7799
)


// ************************************************************************* //
