/*--------------------------------*- C++ -*----------------------------------*\
| =========                 |                                                 |
| \\      /  F ield         | OpenFOAM: The Open Source CFD Toolbox           |
|  \\    /   O peration     | Version:  2.4.0                                 |
|   \\  /    A nd           | Web:      www.OpenFOAM.org                      |
|    \\/     M anipulation  |                                                 |
\*---------------------------------------------------------------------------*/
FoamFile
{
    version     2.0;
    format      ascii;
    class       labelList;
    location    "constant/polyMesh";
    object      pointProcAddressing;
}
// * * * * * * * * * * * * * * * * * * * * * * * * * * * * * * * * * * * * * //


1018
(
8
9
10
19
20
21
30
31
32
41
42
43
52
53
54
63
64
65
74
75
76
85
86
87
96
97
98
107
108
109
118
119
120
128
129
130
131
139
140
141
142
151
152
153
162
163
164
173
174
175
184
185
186
195
196
197
206
207
208
217
218
219
228
229
230
239
240
241
249
250
251
252
260
261
262
263
272
273
274
283
284
285
294
295
296
305
306
307
316
317
318
327
328
329
338
339
340
349
350
351
360
361
362
370
371
372
373
381
382
383
384
393
394
395
404
405
406
415
416
417
426
427
428
437
438
439
448
449
450
459
460
461
470
471
472
481
482
483
491
492
493
494
502
503
504
505
513
514
515
516
525
526
527
536
537
538
547
548
549
558
559
560
569
570
571
580
581
582
591
592
593
602
603
604
612
613
614
615
623
624
625
626
634
635
636
637
646
647
648
657
658
659
668
669
670
679
680
681
690
691
692
701
702
703
712
713
714
723
724
725
733
734
735
736
744
745
746
747
755
756
757
758
766
767
768
769
778
779
780
789
790
791
800
801
802
811
812
813
822
823
824
833
834
835
844
845
846
854
855
856
857
865
866
867
868
876
877
878
879
887
888
889
890
899
900
901
910
911
912
921
922
923
932
933
934
943
944
945
954
955
956
965
966
967
975
976
977
978
986
987
988
989
997
998
999
1000
1008
1009
1010
1011
1020
1021
1022
1031
1032
1033
1042
1043
1044
1053
1054
1055
1064
1065
1066
1075
1076
1077
1086
1087
1088
1096
1097
1098
1099
1107
1108
1109
1110
1118
1119
1120
1121
1129
1130
1131
1132
1140
1141
1142
1143
1152
1153
1154
1163
1164
1165
1174
1175
1176
1185
1186
1187
1196
1197
1198
1207
1208
1209
1217
1218
1219
1220
1228
1229
1230
1231
1239
1240
1241
1242
1250
1251
1252
1253
1261
1262
1263
1264
1273
1274
1275
1284
1285
1286
1295
1296
1297
1306
1307
1308
1317
1318
1319
1328
1329
1330
1338
1339
1340
1341
1349
1350
1351
1352
1360
1361
1362
1363
1371
1372
1373
1374
1382
1383
1384
1385
1393
1394
1395
1396
1405
1406
1407
1416
1417
1418
1427
1428
1429
1438
1439
1440
1449
1450
1451
1459
1460
1461
1462
1470
1471
1472
1473
1481
1482
1483
1484
1492
1493
1494
1495
1503
1504
1505
1506
1514
1515
1516
1517
1526
1527
1528
1537
1538
1539
1548
1549
1550
1559
1560
1561
1570
1571
1572
1580
1581
1582
1583
1591
1592
1593
1594
1602
1603
1604
1605
1613
1614
1615
1616
1624
1625
1626
1627
1635
1636
1637
1638
1647
1648
1649
1658
1659
1660
1669
1670
1671
1680
1681
1682
1691
1692
1693
1701
1702
1703
1704
1712
1713
1714
1715
1723
1724
1725
1726
1734
1735
1736
1737
1745
1746
1747
1748
1756
1757
1758
1759
1767
1768
1769
1770
1779
1780
1781
1790
1791
1792
1801
1802
1803
1812
1813
1814
1822
1823
1824
1825
1833
1834
1835
1836
1844
1845
1846
1847
1855
1856
1857
1858
1866
1867
1868
1869
1877
1878
1879
1880
1888
1889
1890
1891
1900
1901
1902
1911
1912
1913
1922
1923
1924
1933
1934
1935
1943
1944
1945
1946
1954
1955
1956
1957
1965
1966
1967
1968
1976
1977
1978
1979
1987
1988
1989
1990
1998
1999
2000
2001
2009
2010
2011
2012
2020
2021
2022
2023
2032
2033
2034
2043
2044
2045
2054
2055
2056
2064
2065
2066
2067
2075
2076
2077
2078
2086
2087
2088
2089
2097
2098
2099
2100
2108
2109
2110
2111
2119
2120
2121
2122
2130
2131
2132
2133
2141
2142
2143
2144
2153
2154
2155
2164
2165
2166
2175
2176
2177
2185
2186
2187
2188
2196
2197
2198
2199
2207
2208
2209
2210
2218
2219
2220
2221
2229
2230
2231
2232
2240
2241
2242
2243
2251
2252
2253
2254
2262
2263
2264
2265
2274
2275
2276
2285
2286
2287
2296
2297
2298
2306
2307
2308
2309
2317
2318
2319
2320
2328
2329
2330
2331
2339
2340
2341
2342
2350
2351
2352
2353
2361
2362
2363
2364
2372
2373
2374
2375
2383
2384
2385
2386
2394
2395
2396
2397
2406
2407
2408
2417
2418
2419
2427
2428
2429
2430
2438
2439
2440
2441
2449
2450
2451
2452
2460
2461
2462
2463
2471
2472
2473
2474
2482
2483
2484
2485
2493
2494
2495
2496
2504
2505
2506
2507
2515
2516
2517
2518
2527
2528
2529
2538
2539
2540
2548
2549
2550
2551
2559
2560
2561
2562
2570
2571
2572
2573
2581
2582
2583
2584
2592
2593
2594
2595
2603
2604
2605
2606
2614
2615
2616
2617
2625
2626
2627
2628
2636
2637
2638
2639
2647
2648
2649
2650
2659
2660
2661
2669
2670
2671
2672
2680
2681
2682
2683
2691
2692
2693
2694
2702
2703
2704
2705
2713
2714
2715
2716
2724
2725
2726
2727
2735
2736
2737
2738
2746
2747
2748
2749
2757
2758
2759
2760
2768
2769
2770
2771
2780
2781
2782
2790
2791
2792
2793
2801
2802
2803
2804
2812
2813
2814
2815
2823
2824
2825
2826
2834
2835
2836
2837
2845
2846
2847
2848
2856
2857
2858
2859
2867
2868
2869
2870
2878
2879
2880
2881
2889
2890
2891
2892
2901
2902
2903
2911
2912
2913
2914
2922
2923
2924
2925
2933
2934
2935
2936
2944
2945
2946
2947
2955
2956
2957
2958
2966
2967
2968
2969
2977
2978
2979
2980
2988
2989
2990
2991
2999
3000
3001
3002
3010
3011
3012
3013
3021
3022
3023
3024
3032
3033
3034
3035
3043
3044
3045
3046
3054
3055
3056
3057
3065
3066
3067
3068
3076
3077
3078
3079
3087
3088
3089
3090
3098
3099
3100
3101
3109
3110
3111
3112
3120
3121
3122
3123
3131
3132
3133
3134
3142
3143
3144
3145
)


// ************************************************************************* //
