/*--------------------------------*- C++ -*----------------------------------*\
| =========                 |                                                 |
| \\      /  F ield         | OpenFOAM: The Open Source CFD Toolbox           |
|  \\    /   O peration     | Version:  2.4.0                                 |
|   \\  /    A nd           | Web:      www.OpenFOAM.org                      |
|    \\/     M anipulation  |                                                 |
\*---------------------------------------------------------------------------*/
FoamFile
{
    version     2.0;
    format      ascii;
    class       labelList;
    location    "constant/polyMesh";
    object      cellProcAddressing;
}
// * * * * * * * * * * * * * * * * * * * * * * * * * * * * * * * * * * * * * //


625
(
0
1
2
10
11
12
20
21
22
30
31
32
40
41
42
50
51
52
60
61
62
70
71
72
80
81
82
90
91
92
100
101
110
111
112
120
121
122
130
131
132
140
141
142
150
151
152
160
161
162
170
171
172
180
181
182
190
191
192
200
201
210
211
212
220
221
222
230
231
232
240
241
242
250
251
252
260
261
262
270
271
272
280
281
282
290
291
292
300
301
310
311
312
320
321
322
330
331
332
340
341
342
350
351
352
360
361
362
370
371
372
380
381
382
390
391
392
400
401
410
411
420
421
422
430
431
432
440
441
442
450
451
452
460
461
462
470
471
472
480
481
482
490
491
492
500
501
510
511
520
521
522
530
531
532
540
541
542
550
551
552
560
561
562
570
571
572
580
581
582
590
591
592
600
601
610
611
620
621
630
631
632
640
641
642
650
651
652
660
661
662
670
671
672
680
681
682
690
691
692
700
701
710
711
720
721
730
731
732
740
741
742
750
751
752
760
761
762
770
771
772
780
781
782
790
791
792
800
801
810
811
820
821
830
831
832
840
841
842
850
851
852
860
861
862
870
871
872
880
881
882
890
891
892
900
901
910
911
920
921
930
931
940
941
942
950
951
952
960
961
962
970
971
972
980
981
982
990
991
992
1000
1001
1010
1011
1020
1021
1030
1031
1040
1041
1042
1050
1051
1052
1060
1061
1062
1070
1071
1072
1080
1081
1082
1090
1091
1092
1100
1101
1110
1111
1120
1121
1130
1131
1140
1141
1150
1151
1152
1160
1161
1162
1170
1171
1172
1180
1181
1182
1190
1191
1192
1200
1201
1210
1211
1220
1221
1230
1231
1240
1241
1250
1251
1252
1260
1261
1262
1270
1271
1272
1280
1281
1282
1290
1291
1292
1300
1301
1310
1311
1320
1321
1330
1331
1340
1341
1350
1351
1352
1360
1361
1362
1370
1371
1372
1380
1381
1382
1390
1391
1392
1400
1401
1410
1411
1420
1421
1430
1431
1440
1441
1450
1451
1460
1461
1462
1470
1471
1472
1480
1481
1482
1490
1491
1492
1500
1501
1510
1511
1520
1521
1530
1531
1540
1541
1550
1551
1560
1561
1562
1570
1571
1572
1580
1581
1582
1590
1591
1592
1600
1601
1610
1611
1620
1621
1630
1631
1640
1641
1650
1651
1660
1661
1670
1671
1672
1680
1681
1682
1690
1691
1692
1700
1701
1710
1711
1720
1721
1730
1731
1740
1741
1750
1751
1760
1761
1770
1771
1772
1780
1781
1782
1790
1791
1792
1800
1801
1810
1811
1820
1821
1830
1831
1840
1841
1850
1851
1860
1861
1870
1871
1872
1880
1881
1882
1890
1891
1892
1900
1901
1910
1911
1920
1921
1930
1931
1940
1941
1950
1951
1960
1961
1970
1971
1980
1981
1982
1990
1991
1992
2000
2001
2010
2011
2020
2021
2030
2031
2040
2041
2050
2051
2060
2061
2070
2071
2080
2081
2082
2090
2091
2092
2100
2101
2110
2111
2120
2121
2130
2131
2140
2141
2150
2151
2160
2161
2170
2171
2180
2181
2190
2191
2192
2200
2201
2210
2211
2220
2221
2230
2231
2240
2241
2250
2251
2260
2261
2270
2271
2280
2281
2290
2291
2292
2300
2301
2310
2311
2320
2321
2330
2331
2340
2341
2350
2351
2360
2361
2370
2371
2380
2381
2390
2391
2392
2400
2401
2410
2411
2420
2421
2430
2431
2440
2441
2450
2451
2460
2461
2470
2471
2480
2481
2490
2491
)


// ************************************************************************* //
