/*--------------------------------*- C++ -*----------------------------------*\
| =========                 |                                                 |
| \\      /  F ield         | OpenFOAM: The Open Source CFD Toolbox           |
|  \\    /   O peration     | Version:  2.4.0                                 |
|   \\  /    A nd           | Web:      www.OpenFOAM.org                      |
|    \\/     M anipulation  |                                                 |
\*---------------------------------------------------------------------------*/
FoamFile
{
    version     2.0;
    format      ascii;
    class       labelList;
    location    "constant/polyMesh";
    object      faceProcAddressing;
}
// * * * * * * * * * * * * * * * * * * * * * * * * * * * * * * * * * * * * * //


2229
(
1
2
3
4
5
6
8
30
31
32
33
34
35
37
38
59
60
61
62
63
64
66
67
88
89
90
91
92
93
95
96
117
118
119
120
121
122
124
125
146
147
148
149
150
151
153
154
175
176
177
178
179
180
182
183
204
205
206
207
208
209
211
212
233
234
235
236
237
238
240
241
262
263
264
265
267
281
282
283
285
286
310
311
312
313
314
315
317
318
339
340
341
342
343
344
346
347
368
369
370
371
372
373
375
376
397
398
399
400
401
402
404
405
426
427
428
429
430
431
433
434
455
456
457
458
459
460
462
463
484
485
486
487
488
489
491
492
513
514
515
516
517
518
520
521
542
543
544
545
547
561
562
563
565
566
590
591
592
593
594
595
597
598
619
620
621
622
623
624
626
627
648
649
650
651
652
653
655
656
677
678
679
680
681
682
684
685
706
707
708
709
710
711
713
714
735
736
737
738
739
740
742
743
764
765
766
767
768
769
771
772
793
794
795
796
797
798
800
801
822
823
824
825
827
841
842
843
845
846
870
871
872
873
874
875
877
899
900
901
902
903
904
906
907
928
929
930
931
932
933
935
936
957
958
959
960
961
962
964
965
986
987
988
989
990
991
993
994
1015
1016
1017
1018
1019
1020
1022
1023
1044
1045
1046
1047
1048
1049
1051
1052
1073
1074
1075
1076
1077
1078
1080
1081
1102
1103
1104
1105
1107
1121
1122
1123
1125
1126
1150
1151
1152
1154
1155
1179
1180
1181
1182
1183
1184
1186
1187
1208
1209
1210
1211
1212
1213
1215
1216
1237
1238
1239
1240
1241
1242
1244
1245
1266
1267
1268
1269
1270
1271
1273
1274
1295
1296
1297
1298
1299
1300
1302
1303
1324
1325
1326
1327
1328
1329
1331
1332
1353
1354
1355
1356
1357
1358
1360
1361
1382
1383
1384
1385
1387
1401
1402
1403
1405
1406
1430
1431
1432
1434
1435
1459
1460
1461
1462
1463
1464
1466
1488
1489
1490
1491
1492
1493
1495
1496
1517
1518
1519
1520
1521
1522
1524
1525
1546
1547
1548
1549
1550
1551
1553
1554
1575
1576
1577
1578
1579
1580
1582
1583
1604
1605
1606
1607
1608
1609
1611
1612
1633
1634
1635
1636
1637
1638
1640
1641
1662
1663
1664
1665
1667
1681
1682
1683
1685
1686
1710
1711
1712
1714
1715
1739
1740
1741
1743
1744
1768
1769
1770
1771
1772
1773
1775
1776
1797
1798
1799
1800
1801
1802
1804
1805
1826
1827
1828
1829
1830
1831
1833
1834
1855
1856
1857
1858
1859
1860
1862
1863
1884
1885
1886
1887
1888
1889
1891
1892
1913
1914
1915
1916
1917
1918
1920
1921
1942
1943
1944
1945
1947
1961
1962
1963
1965
1966
1990
1991
1992
1994
1995
2019
2020
2021
2023
2024
2048
2049
2050
2051
2052
2053
2055
2056
2077
2078
2079
2080
2081
2082
2084
2085
2106
2107
2108
2109
2110
2111
2113
2114
2135
2136
2137
2138
2139
2140
2142
2143
2164
2165
2166
2167
2168
2169
2171
2172
2193
2194
2195
2196
2197
2198
2200
2201
2222
2223
2224
2225
2227
2241
2242
2243
2245
2246
2270
2271
2272
2274
2275
2299
2300
2301
2303
2304
2328
2329
2330
2331
2332
2333
2335
2357
2358
2359
2360
2361
2362
2364
2365
2386
2387
2388
2389
2390
2391
2393
2394
2415
2416
2417
2418
2419
2420
2422
2423
2444
2445
2446
2447
2448
2449
2451
2452
2473
2474
2475
2476
2477
2478
2480
2481
2502
2503
2504
2505
2507
2521
2522
2523
2525
2526
2550
2551
2552
2554
2555
2579
2580
2581
2583
2584
2608
2609
2610
2612
2613
2637
2638
2639
2640
2641
2642
2644
2645
2666
2667
2668
2669
2670
2671
2673
2674
2695
2696
2697
2698
2699
2700
2702
2703
2724
2725
2726
2727
2728
2729
2731
2732
2753
2754
2755
2756
2757
2758
2760
2761
2782
2783
2784
2785
2787
2801
2802
2803
2805
2806
2830
2831
2832
2834
2835
2859
2860
2861
2863
2864
2888
2889
2890
2892
2893
2917
2918
2919
2920
2921
2922
2924
2946
2947
2948
2949
2950
2951
2953
2954
2975
2976
2977
2978
2979
2980
2982
2983
3004
3005
3006
3007
3008
3009
3011
3012
3033
3034
3035
3036
3037
3038
3040
3041
3062
3063
3064
3065
3067
3081
3082
3083
3085
3086
3110
3111
3112
3114
3115
3139
3140
3141
3143
3144
3168
3169
3170
3172
3173
3197
3198
3199
3201
3202
3226
3227
3228
3229
3230
3231
3233
3234
3255
3256
3257
3258
3259
3260
3262
3263
3284
3285
3286
3287
3288
3289
3291
3292
3313
3314
3315
3316
3317
3318
3320
3321
3342
3343
3344
3345
3347
3361
3362
3363
3365
3366
3390
3391
3392
3394
3395
3419
3420
3421
3423
3424
3448
3449
3450
3452
3453
3477
3478
3479
3481
3482
3506
3507
3508
3509
3510
3511
3513
3514
3535
3536
3537
3538
3539
3540
3542
3543
3564
3565
3566
3567
3568
3569
3571
3572
3593
3594
3595
3596
3597
3598
3600
3601
3622
3623
3624
3625
3627
3641
3642
3643
3645
3646
3670
3671
3672
3674
3675
3699
3700
3701
3703
3704
3728
3729
3730
3732
3733
3757
3758
3759
3761
3762
3786
3787
3788
3789
3790
3791
3793
3815
3816
3817
3818
3819
3820
3822
3823
3844
3845
3846
3847
3848
3849
3851
3852
3873
3874
3875
3876
3877
3878
3880
3881
3902
3903
3904
3905
3907
3921
3922
3923
3925
3926
3950
3951
3952
3954
3955
3979
3980
3981
3983
3984
4008
4009
4010
4012
4013
4037
4038
4039
4041
4042
4066
4067
4068
4070
4071
4095
4096
4097
4098
4099
4100
4102
4103
4124
4125
4126
4127
4128
4129
4131
4132
4153
4154
4155
4156
4157
4158
4160
4161
4182
4183
4184
4185
4187
4201
4202
4203
4205
4206
4230
4231
4232
4234
4235
4259
4260
4261
4263
4264
4288
4289
4290
4292
4293
4317
4318
4319
4321
4322
4346
4347
4348
4350
4351
4375
4376
4377
4378
4379
4380
4382
4404
4405
4406
4407
4408
4409
4411
4412
4433
4434
4435
4436
4437
4438
4440
4441
4462
4463
4464
4465
4467
4481
4482
4483
4485
4486
4510
4511
4512
4514
4515
4539
4540
4541
4543
4544
4568
4569
4570
4572
4573
4597
4598
4599
4601
4602
4626
4627
4628
4630
4631
4655
4656
4657
4659
4660
4684
4685
4686
4687
4688
4689
4691
4692
4713
4714
4715
4716
4717
4718
4720
4721
4742
4743
4744
4745
4747
4761
4762
4763
4765
4766
4790
4791
4792
4794
4795
4819
4820
4821
4823
4824
4848
4849
4850
4852
4853
4877
4878
4879
4881
4882
4906
4907
4908
4910
4911
4935
4936
4937
4939
4940
4964
4965
4966
4967
4968
4969
4971
4972
4993
4994
4995
4996
4997
4998
5000
5001
5022
5023
5024
5025
5027
5041
5042
5043
5045
5046
5070
5071
5072
5074
5075
5099
5100
5101
5103
5104
5128
5129
5130
5132
5133
5157
5158
5159
5161
5162
5186
5187
5188
5190
5191
5215
5216
5217
5219
5220
5244
5245
5246
5247
5248
5249
5251
5273
5274
5275
5276
5277
5278
5280
5281
5302
5303
5304
5305
5307
5321
5322
5323
5325
5326
5350
5351
5352
5354
5355
5379
5380
5381
5383
5384
5408
5409
5410
5412
5413
5437
5438
5439
5441
5442
5466
5467
5468
5470
5471
5495
5496
5497
5499
5500
5524
5525
5526
5528
5529
5553
5554
5555
5556
5557
5558
5560
5561
5582
5583
5584
5585
5587
5601
5602
5603
5605
5606
5630
5631
5632
5634
5635
5659
5660
5661
5663
5664
5688
5689
5690
5692
5693
5717
5718
5719
5721
5722
5746
5747
5748
5750
5751
5775
5776
5777
5779
5780
5804
5805
5806
5808
5809
5833
5834
5835
5836
5837
5838
5840
5862
5863
5864
5865
5867
5881
5882
5883
5885
5886
5910
5911
5912
5914
5915
5939
5940
5941
5943
5944
5968
5969
5970
5972
5973
5997
5998
5999
6001
6002
6026
6027
6028
6030
6031
6055
6056
6057
6059
6060
6084
6085
6086
6088
6089
6113
6114
6115
6117
6118
6142
6143
6144
6145
6147
6161
6162
6163
6165
6166
6190
6191
6192
6194
6195
6219
6220
6221
6223
6224
6248
6249
6250
6252
6253
6277
6278
6279
6281
6282
6306
6307
6308
6310
6311
6335
6336
6337
6339
6340
6364
6365
6366
6368
6369
6393
6394
6395
6397
6398
6422
6423
6424
6425
6427
6441
6442
6443
6445
6446
6470
6471
6472
6474
6475
6499
6500
6501
6503
6504
6528
6529
6530
6532
6533
6557
6558
6559
6561
6562
6586
6587
6588
6590
6591
6615
6616
6617
6619
6620
6644
6645
6646
6648
6649
6673
6674
6675
6677
6678
6702
6703
6704
6705
6721
6722
6724
6740
6741
6743
6759
6760
6762
6778
6779
6781
6797
6798
6800
6816
6817
6819
6835
6836
6838
6854
6855
6857
6873
6874
6876
6892
6901
6902
6903
6904
6905
6906
6907
6908
6909
6910
6911
6912
6913
6914
6915
6916
6917
6918
6919
6920
6921
6922
6923
6924
6925
6926
6927
6928
6929
6930
7001
7002
7003
7004
7005
7006
7007
7008
7009
7010
7011
7012
7013
7014
7015
7016
7017
7018
7019
7020
7601
7602
7603
7604
7605
7606
7607
7608
7609
7610
7611
7612
7613
7614
7615
7616
7617
7618
7619
7620
7621
7622
7623
7624
7625
7626
7627
7628
7629
7630
7631
7632
7633
7634
7635
7636
7637
7638
7639
7640
7641
7642
7643
7644
7645
7646
7647
7648
7649
7650
7651
7851
7852
7853
7854
7855
7856
7857
7858
7859
7860
7861
7862
7863
7864
7865
7866
7867
7868
7869
7870
7871
7872
7873
7874
7875
7876
7877
7878
7879
7880
7881
7882
7883
7884
7885
7886
7887
7888
7889
7890
7891
7892
7893
7894
7895
7896
7897
7898
7899
7900
7901
7
9
36
65
94
123
152
181
210
239
266
284
-288
316
345
374
403
432
461
490
519
546
564
-568
596
625
654
683
712
741
770
799
826
844
-848
876
878
905
934
963
992
1021
1050
1079
1106
1124
1153
-1157
1185
1214
1243
1272
1301
1330
1359
1386
1404
1433
-1437
1465
1467
1494
1523
1552
1581
1610
1639
1666
1684
1713
1742
-1746
1774
1803
1832
1861
1890
1919
1946
1964
1993
2022
-2026
2054
2083
2112
2141
2170
2199
2226
2244
2273
2302
-2306
2334
2336
2363
2392
2421
2450
2479
2506
2524
2553
2582
2611
-2615
2643
2672
2701
2730
2759
2786
2804
2833
2862
2891
-2895
2923
2925
2952
2981
3010
3039
3066
3084
3113
3142
3171
3200
-3204
3232
3261
3290
3319
3346
3364
3393
3422
3451
3480
-3484
3512
3541
3570
3599
3626
3644
3673
3702
3731
3760
-3764
3792
3794
3821
3850
3879
3906
3924
3953
3982
4011
4040
4069
-4073
4101
4130
4159
4186
4204
4233
4262
4291
4320
4349
-4353
4381
4383
4410
4439
4466
4484
4513
4542
4571
4600
4629
4658
-4662
4690
4719
4746
4764
4793
4822
4851
4880
4909
4938
-4942
4970
4999
5026
5044
5073
5102
5131
5160
5189
5218
-5222
5250
5252
5279
5306
5324
5353
5382
5411
5440
5469
5498
5527
-5531
5559
5586
5604
5633
5662
5691
5720
5749
5778
5807
-5811
5839
5841
5866
5884
5913
5942
5971
6000
6029
6058
6087
6116
-6120
6146
6164
6193
6222
6251
6280
6309
6338
6367
6396
-6400
6426
6444
6473
6502
6531
6560
6589
6618
6647
6676
-6680
6706
6707
6723
6742
6761
6780
6799
6818
6837
6856
6875
6893
7902
7903
7904
7905
7906
7907
7908
7909
7910
7911
7912
7913
7914
7915
7916
7917
7918
7919
7920
7921
7922
7923
7924
7101
7102
7103
7104
7105
7106
7107
7108
7109
7110
7111
7112
7113
7114
7115
7116
7117
7118
7119
7120
7121
7122
7123
7124
7125
7126
7127
7128
7129
7130
7131
7132
7133
7134
7135
7136
7137
7138
7139
7140
7141
7142
7143
7144
7145
7146
7147
7148
7149
7150
7151
7152
7153
7154
7155
7156
7157
7158
7159
7160
7161
7162
7163
7164
7165
7166
7167
7168
7169
7170
7171
7172
7173
7174
7175
7176
7177
7178
7179
7180
7181
7182
7183
7184
7185
7186
7187
7188
7189
7190
7191
7192
7193
7194
7195
7196
7197
7198
7199
7200
7201
7202
7203
7204
7205
7206
7207
7208
7209
7210
7211
7212
7213
7214
7215
7216
7217
7218
7219
7220
7221
7222
7223
7224
7225
7226
7227
7228
7229
7230
7231
7232
7233
7234
7235
7236
7237
7238
7239
7240
7241
7242
7243
7244
7245
7246
7247
7248
7249
7250
7251
7252
7253
7254
7255
7256
7257
7258
7259
7260
7261
7262
7263
7264
7265
7266
7267
7268
7269
7270
7271
7272
7273
7274
7275
7276
7277
7278
7279
7280
7281
7282
7283
7284
7285
7286
7287
7288
7289
7290
7291
7292
7293
7294
7295
7296
7297
7298
7299
7300
7301
7302
7303
7304
7305
7306
7307
7308
7309
7310
7311
7312
7313
7314
7315
7316
7317
7318
7319
7320
7321
7322
7323
7324
7325
7326
7327
7328
7329
7330
7331
7332
7333
7334
7335
7336
7337
7338
7339
7340
7341
7342
7343
7344
7345
7346
7347
7348
7349
7350
)


// ************************************************************************* //
