/*--------------------------------*- C++ -*----------------------------------*\
| =========                 |                                                 |
| \\      /  F ield         | OpenFOAM: The Open Source CFD Toolbox           |
|  \\    /   O peration     | Version:  2.4.0                                 |
|   \\  /    A nd           | Web:      www.OpenFOAM.org                      |
|    \\/     M anipulation  |                                                 |
\*---------------------------------------------------------------------------*/
FoamFile
{
    version     2.0;
    format      ascii;
    class       labelList;
    note        "nPoints: 1018 nCells: 625 nFaces: 2229 nInternalFaces: 1521";
    location    "constant/polyMesh";
    object      neighbour;
}
// * * * * * * * * * * * * * * * * * * * * * * * * * * * * * * * * * * * * * //


1521
(
1
3
30
2
4
31
5
4
6
32
5
7
33
8
34
7
9
35
8
10
36
11
37
10
12
38
11
13
39
14
40
13
15
41
14
16
42
17
43
16
18
44
17
19
45
20
46
19
21
47
20
22
48
23
49
22
24
50
23
25
51
26
52
25
27
53
26
28
54
29
55
28
56
29
57
58
31
32
59
33
60
33
35
61
34
36
62
37
63
36
38
64
37
39
65
40
66
39
41
67
40
42
68
43
69
42
44
70
43
45
71
46
72
45
47
73
46
48
74
49
75
48
50
76
49
51
77
52
78
51
53
79
52
54
80
55
81
54
56
82
55
57
83
58
84
57
85
58
86
87
60
61
88
62
89
62
64
90
63
65
91
66
92
65
67
93
66
68
94
69
95
68
70
96
69
71
97
72
98
71
73
99
72
74
100
75
101
74
76
102
75
77
103
78
104
77
79
105
78
80
106
81
107
80
82
108
81
83
109
84
110
83
85
111
84
86
112
87
113
86
114
87
115
116
89
90
117
91
118
91
93
119
92
94
120
95
94
96
121
95
97
122
98
123
97
99
124
98
100
125
101
126
100
102
127
101
103
128
104
129
103
105
130
104
106
131
107
132
106
108
133
107
109
134
110
135
109
111
136
110
112
137
113
138
112
114
139
113
115
140
116
141
115
142
116
143
144
118
119
145
120
146
120
121
147
122
148
122
124
149
123
125
150
126
151
125
127
152
126
128
153
129
154
128
130
155
129
131
156
132
157
131
133
158
132
134
159
135
160
134
136
161
135
137
162
138
163
137
139
164
138
140
165
141
166
140
142
167
141
143
168
144
169
143
170
144
171
172
146
147
173
148
174
148
149
175
150
176
150
152
177
151
153
178
154
153
155
179
154
156
180
157
181
156
158
182
157
159
183
160
184
159
161
185
160
162
186
163
187
162
164
188
163
165
189
166
190
165
167
191
166
168
192
169
193
168
170
194
169
171
195
172
196
171
197
172
198
199
174
175
200
176
201
176
177
202
178
203
178
179
204
180
205
180
182
206
181
183
207
184
208
183
185
209
184
186
210
187
211
186
188
212
187
189
213
190
214
189
191
215
190
192
216
193
217
192
194
218
193
195
219
196
220
195
197
221
196
198
222
199
223
198
224
199
225
226
201
202
227
203
228
203
204
229
205
230
205
206
231
207
232
207
209
233
208
210
234
211
235
210
212
236
211
213
237
214
238
213
215
239
214
216
240
217
241
216
218
242
217
219
243
220
244
219
221
245
220
222
246
223
247
222
224
248
223
225
249
226
250
225
251
226
252
253
228
229
254
230
255
230
231
256
232
257
232
233
258
234
259
234
236
260
235
237
261
238
237
239
262
238
240
263
241
264
240
242
265
241
243
266
244
267
243
245
268
244
246
269
247
270
246
248
271
247
249
272
250
273
249
251
274
250
252
275
253
276
252
277
253
278
279
255
256
280
257
281
257
258
282
259
283
259
260
284
261
285
261
262
286
263
287
263
265
288
264
266
289
267
290
266
268
291
267
269
292
270
293
269
271
294
270
272
295
273
296
272
274
297
273
275
298
276
299
275
277
300
276
278
301
279
302
278
303
279
304
305
281
282
306
283
307
283
284
308
285
309
285
286
310
287
311
287
288
312
289
313
289
291
314
290
292
315
293
292
294
316
293
295
317
296
318
295
297
319
296
298
320
299
321
298
300
322
299
301
323
302
324
301
303
325
302
304
326
305
327
304
328
305
329
330
307
308
331
309
332
309
310
333
311
334
311
312
335
313
336
313
314
337
315
338
315
316
339
317
340
317
319
341
318
320
342
321
343
320
322
344
321
323
345
324
346
323
325
347
324
326
348
327
349
326
328
350
327
329
351
330
352
329
353
330
354
355
332
333
356
334
357
334
335
358
336
359
336
337
360
338
361
338
339
362
340
363
340
341
364
342
365
342
344
366
343
345
367
346
368
345
347
369
346
348
370
349
371
348
350
372
349
351
373
352
374
351
353
375
352
354
376
355
377
354
378
355
379
380
357
358
381
359
382
359
360
383
361
384
361
362
385
363
386
363
364
387
365
388
365
366
389
367
390
367
369
391
368
370
392
371
370
372
393
371
373
394
374
395
373
375
396
374
376
397
377
398
376
378
399
377
379
400
380
401
379
402
380
403
404
382
383
405
384
406
384
385
407
386
408
386
387
409
388
410
388
389
411
390
412
390
391
413
392
414
392
393
415
394
416
394
396
417
395
397
418
398
419
397
399
420
398
400
421
401
422
400
402
423
401
403
424
404
425
403
426
404
427
428
406
407
429
408
430
408
409
431
410
432
410
411
433
412
434
412
413
435
414
436
414
415
437
416
438
416
417
439
418
440
418
420
441
419
421
442
422
421
423
443
422
424
444
425
445
424
426
446
425
427
447
428
448
427
449
428
450
451
430
431
452
432
453
432
433
454
434
455
434
435
456
436
457
436
437
458
438
459
438
439
460
440
461
440
441
462
442
463
442
443
464
444
465
444
446
466
445
447
467
448
468
447
449
469
448
450
470
451
471
450
472
451
473
474
453
454
475
455
476
455
456
477
457
478
457
458
479
459
480
459
460
481
461
482
461
462
483
463
484
463
464
485
465
486
465
466
487
467
488
467
469
489
468
470
490
471
491
470
472
492
471
473
493
474
494
473
495
474
496
497
476
477
498
478
499
478
479
500
480
501
480
481
502
482
503
482
483
504
484
505
484
485
506
486
507
486
487
508
488
509
488
489
510
490
511
490
492
512
491
493
513
494
493
495
514
494
496
515
497
516
496
517
497
518
519
499
500
520
501
521
501
502
522
503
523
503
504
524
505
525
505
506
526
507
527
507
508
528
509
529
509
510
530
511
531
511
512
532
513
533
513
514
534
515
535
515
517
536
516
518
537
519
538
518
539
519
540
541
521
522
542
523
543
523
524
544
525
545
525
526
546
527
547
527
528
548
529
549
529
530
550
531
551
531
532
552
533
553
533
534
554
535
555
535
536
556
537
557
537
539
558
538
540
559
541
540
560
541
561
562
543
544
563
545
564
545
546
565
547
566
547
548
567
549
568
549
550
569
551
570
551
552
571
553
572
553
554
573
555
574
555
556
575
557
576
557
558
577
559
578
559
560
579
561
580
561
581
562
582
583
564
565
584
566
585
566
567
586
568
587
568
569
588
570
589
570
571
590
572
591
572
573
592
574
593
574
575
594
576
595
576
577
596
578
597
578
579
598
580
599
580
581
600
582
601
582
602
583
603
604
585
586
605
587
606
587
588
607
589
608
589
590
609
591
610
591
592
611
593
612
593
594
613
595
614
595
596
615
597
616
597
598
617
599
618
599
600
619
601
620
601
602
621
603
622
603
623
604
624
606
607
608
608
609
610
610
611
612
612
613
614
614
615
616
616
617
618
618
619
620
620
621
622
622
623
624
624
)


// ************************************************************************* //
