/*--------------------------------*- C++ -*----------------------------------*\
| =========                 |                                                 |
| \\      /  F ield         | OpenFOAM: The Open Source CFD Toolbox           |
|  \\    /   O peration     | Version:  2.4.0                                 |
|   \\  /    A nd           | Web:      www.OpenFOAM.org                      |
|    \\/     M anipulation  |                                                 |
\*---------------------------------------------------------------------------*/
FoamFile
{
    version     2.0;
    format      ascii;
    class       labelList;
    location    "constant/polyMesh";
    object      pointProcAddressing;
}
// * * * * * * * * * * * * * * * * * * * * * * * * * * * * * * * * * * * * * //


1018
(
0
1
2
3
11
12
13
14
22
23
24
25
33
34
35
36
44
45
46
47
55
56
57
58
66
67
68
69
77
78
79
80
88
89
90
91
99
100
101
102
110
111
112
113
121
122
123
124
132
133
134
135
143
144
145
146
154
155
156
157
165
166
167
168
176
177
178
179
187
188
189
190
198
199
200
201
209
210
211
212
220
221
222
223
231
232
233
234
242
243
244
253
254
255
256
264
265
266
267
275
276
277
278
286
287
288
289
297
298
299
300
308
309
310
311
319
320
321
322
330
331
332
333
341
342
343
344
352
353
354
355
363
364
365
374
375
376
377
385
386
387
388
396
397
398
399
407
408
409
410
418
419
420
421
429
430
431
432
440
441
442
443
451
452
453
454
462
463
464
465
473
474
475
476
484
485
486
495
496
497
498
506
507
508
509
517
518
519
520
528
529
530
531
539
540
541
542
550
551
552
553
561
562
563
564
572
573
574
575
583
584
585
586
594
595
596
597
605
606
607
616
617
618
627
628
629
630
638
639
640
641
649
650
651
652
660
661
662
663
671
672
673
674
682
683
684
685
693
694
695
696
704
705
706
707
715
716
717
718
726
727
728
737
738
739
748
749
750
751
759
760
761
762
770
771
772
773
781
782
783
784
792
793
794
795
803
804
805
806
814
815
816
817
825
826
827
828
836
837
838
839
847
848
849
858
859
860
869
870
871
880
881
882
883
891
892
893
894
902
903
904
905
913
914
915
916
924
925
926
927
935
936
937
938
946
947
948
949
957
958
959
960
968
969
970
979
980
981
990
991
992
1001
1002
1003
1004
1012
1013
1014
1015
1023
1024
1025
1026
1034
1035
1036
1037
1045
1046
1047
1048
1056
1057
1058
1059
1067
1068
1069
1070
1078
1079
1080
1081
1089
1090
1091
1100
1101
1102
1111
1112
1113
1122
1123
1124
1125
1133
1134
1135
1136
1144
1145
1146
1147
1155
1156
1157
1158
1166
1167
1168
1169
1177
1178
1179
1180
1188
1189
1190
1191
1199
1200
1201
1202
1210
1211
1212
1221
1222
1223
1232
1233
1234
1243
1244
1245
1254
1255
1256
1257
1265
1266
1267
1268
1276
1277
1278
1279
1287
1288
1289
1290
1298
1299
1300
1301
1309
1310
1311
1312
1320
1321
1322
1323
1331
1332
1333
1342
1343
1344
1353
1354
1355
1364
1365
1366
1375
1376
1377
1378
1386
1387
1388
1389
1397
1398
1399
1400
1408
1409
1410
1411
1419
1420
1421
1422
1430
1431
1432
1433
1441
1442
1443
1444
1452
1453
1454
1463
1464
1465
1474
1475
1476
1485
1486
1487
1496
1497
1498
1507
1508
1509
1510
1518
1519
1520
1521
1529
1530
1531
1532
1540
1541
1542
1543
1551
1552
1553
1554
1562
1563
1564
1565
1573
1574
1575
1584
1585
1586
1595
1596
1597
1606
1607
1608
1617
1618
1619
1628
1629
1630
1631
1639
1640
1641
1642
1650
1651
1652
1653
1661
1662
1663
1664
1672
1673
1674
1675
1683
1684
1685
1686
1694
1695
1696
1705
1706
1707
1716
1717
1718
1727
1728
1729
1738
1739
1740
1749
1750
1751
1752
1760
1761
1762
1763
1771
1772
1773
1774
1782
1783
1784
1785
1793
1794
1795
1796
1804
1805
1806
1807
1815
1816
1817
1826
1827
1828
1837
1838
1839
1848
1849
1850
1859
1860
1861
1870
1871
1872
1881
1882
1883
1884
1892
1893
1894
1895
1903
1904
1905
1906
1914
1915
1916
1917
1925
1926
1927
1928
1936
1937
1938
1947
1948
1949
1958
1959
1960
1969
1970
1971
1980
1981
1982
1991
1992
1993
2002
2003
2004
2005
2013
2014
2015
2016
2024
2025
2026
2027
2035
2036
2037
2038
2046
2047
2048
2049
2057
2058
2059
2068
2069
2070
2079
2080
2081
2090
2091
2092
2101
2102
2103
2112
2113
2114
2123
2124
2125
2134
2135
2136
2137
2145
2146
2147
2148
2156
2157
2158
2159
2167
2168
2169
2170
2178
2179
2180
2189
2190
2191
2200
2201
2202
2211
2212
2213
2222
2223
2224
2233
2234
2235
2244
2245
2246
2255
2256
2257
2258
2266
2267
2268
2269
2277
2278
2279
2280
2288
2289
2290
2291
2299
2300
2301
2310
2311
2312
2321
2322
2323
2332
2333
2334
2343
2344
2345
2354
2355
2356
2365
2366
2367
2376
2377
2378
2379
2387
2388
2389
2390
2398
2399
2400
2401
2409
2410
2411
2412
2420
2421
2422
2431
2432
2433
2442
2443
2444
2453
2454
2455
2464
2465
2466
2475
2476
2477
2486
2487
2488
2497
2498
2499
2508
2509
2510
2511
2519
2520
2521
2522
2530
2531
2532
2533
2541
2542
2543
2552
2553
2554
2563
2564
2565
2574
2575
2576
2585
2586
2587
2596
2597
2598
2607
2608
2609
2618
2619
2620
2629
2630
2631
2632
2640
2641
2642
2643
2651
2652
2653
2654
2662
2663
2664
2673
2674
2675
2684
2685
2686
2695
2696
2697
2706
2707
2708
2717
2718
2719
2728
2729
2730
2739
2740
2741
2750
2751
2752
2761
2762
2763
2764
2772
2773
2774
2775
2783
2784
2785
2794
2795
2796
2805
2806
2807
2816
2817
2818
2827
2828
2829
2838
2839
2840
2849
2850
2851
2860
2861
2862
2871
2872
2873
2882
2883
2884
2885
2893
2894
2895
2896
2904
2905
2906
2915
2916
2917
2926
2927
2928
2937
2938
2939
2948
2949
2950
2959
2960
2961
2970
2971
2972
2981
2982
2983
2992
2993
2994
3003
3004
3005
3006
3014
3015
3016
3017
3025
3026
3027
3036
3037
3038
3047
3048
3049
3058
3059
3060
3069
3070
3071
3080
3081
3082
3091
3092
3093
3102
3103
3104
3113
3114
3115
3124
3125
3126
3135
3136
3137
)


// ************************************************************************* //
