/*--------------------------------*- C++ -*----------------------------------*\
| =========                 |                                                 |
| \\      /  F ield         | OpenFOAM: The Open Source CFD Toolbox           |
|  \\    /   O peration     | Version:  2.4.0                                 |
|   \\  /    A nd           | Web:      www.OpenFOAM.org                      |
|    \\/     M anipulation  |                                                 |
\*---------------------------------------------------------------------------*/
FoamFile
{
    version     2.0;
    format      ascii;
    class       labelList;
    location    "constant/polyMesh";
    object      cellProcAddressing;
}
// * * * * * * * * * * * * * * * * * * * * * * * * * * * * * * * * * * * * * //


625
(
5
6
7
15
16
17
25
26
27
35
36
37
45
46
47
55
56
57
65
66
67
75
76
77
85
86
87
95
96
97
105
106
115
116
117
125
126
127
135
136
137
145
146
147
155
156
157
165
166
167
175
176
177
185
186
187
195
196
197
205
206
215
216
217
225
226
227
235
236
237
245
246
247
255
256
257
265
266
267
275
276
277
285
286
287
295
296
297
305
306
315
316
317
325
326
327
335
336
337
345
346
347
355
356
357
365
366
367
375
376
377
385
386
387
395
396
397
405
406
415
416
425
426
427
435
436
437
445
446
447
455
456
457
465
466
467
475
476
477
485
486
487
495
496
497
505
506
515
516
525
526
527
535
536
537
545
546
547
555
556
557
565
566
567
575
576
577
585
586
587
595
596
597
605
606
615
616
625
626
635
636
637
645
646
647
655
656
657
665
666
667
675
676
677
685
686
687
695
696
697
705
706
715
716
725
726
735
736
737
745
746
747
755
756
757
765
766
767
775
776
777
785
786
787
795
796
797
805
806
815
816
825
826
835
836
837
845
846
847
855
856
857
865
866
867
875
876
877
885
886
887
895
896
897
905
906
915
916
925
926
935
936
945
946
947
955
956
957
965
966
967
975
976
977
985
986
987
995
996
997
1005
1006
1015
1016
1025
1026
1035
1036
1045
1046
1047
1055
1056
1057
1065
1066
1067
1075
1076
1077
1085
1086
1087
1095
1096
1097
1105
1106
1115
1116
1125
1126
1135
1136
1145
1146
1155
1156
1157
1165
1166
1167
1175
1176
1177
1185
1186
1187
1195
1196
1197
1205
1206
1215
1216
1225
1226
1235
1236
1245
1246
1255
1256
1257
1265
1266
1267
1275
1276
1277
1285
1286
1287
1295
1296
1297
1305
1306
1315
1316
1325
1326
1335
1336
1345
1346
1355
1356
1357
1365
1366
1367
1375
1376
1377
1385
1386
1387
1395
1396
1397
1405
1406
1415
1416
1425
1426
1435
1436
1445
1446
1455
1456
1465
1466
1467
1475
1476
1477
1485
1486
1487
1495
1496
1497
1505
1506
1515
1516
1525
1526
1535
1536
1545
1546
1555
1556
1565
1566
1567
1575
1576
1577
1585
1586
1587
1595
1596
1597
1605
1606
1615
1616
1625
1626
1635
1636
1645
1646
1655
1656
1665
1666
1675
1676
1677
1685
1686
1687
1695
1696
1697
1705
1706
1715
1716
1725
1726
1735
1736
1745
1746
1755
1756
1765
1766
1775
1776
1777
1785
1786
1787
1795
1796
1797
1805
1806
1815
1816
1825
1826
1835
1836
1845
1846
1855
1856
1865
1866
1875
1876
1877
1885
1886
1887
1895
1896
1897
1905
1906
1915
1916
1925
1926
1935
1936
1945
1946
1955
1956
1965
1966
1975
1976
1985
1986
1987
1995
1996
1997
2005
2006
2015
2016
2025
2026
2035
2036
2045
2046
2055
2056
2065
2066
2075
2076
2085
2086
2087
2095
2096
2097
2105
2106
2115
2116
2125
2126
2135
2136
2145
2146
2155
2156
2165
2166
2175
2176
2185
2186
2195
2196
2197
2205
2206
2215
2216
2225
2226
2235
2236
2245
2246
2255
2256
2265
2266
2275
2276
2285
2286
2295
2296
2297
2305
2306
2315
2316
2325
2326
2335
2336
2345
2346
2355
2356
2365
2366
2375
2376
2385
2386
2395
2396
2397
2405
2406
2415
2416
2425
2426
2435
2436
2445
2446
2455
2456
2465
2466
2475
2476
2485
2486
2495
2496
)


// ************************************************************************* //
