/*--------------------------------*- C++ -*----------------------------------*\
| =========                 |                                                 |
| \\      /  F ield         | OpenFOAM: The Open Source CFD Toolbox           |
|  \\    /   O peration     | Version:  2.4.0                                 |
|   \\  /    A nd           | Web:      www.OpenFOAM.org                      |
|    \\/     M anipulation  |                                                 |
\*---------------------------------------------------------------------------*/
FoamFile
{
    version     2.0;
    format      ascii;
    class       labelList;
    location    "constant/polyMesh";
    object      faceProcAddressing;
}
// * * * * * * * * * * * * * * * * * * * * * * * * * * * * * * * * * * * * * //


2229
(
16
17
18
19
20
21
23
45
46
47
48
49
50
52
53
74
75
76
77
78
79
81
82
103
104
105
106
107
108
110
111
132
133
134
135
136
137
139
140
161
162
163
164
165
166
168
169
190
191
192
193
194
195
197
198
219
220
221
222
223
224
226
227
248
249
250
251
252
253
255
256
272
273
274
275
277
296
297
298
300
301
325
326
327
328
329
330
332
333
354
355
356
357
358
359
361
362
383
384
385
386
387
388
390
391
412
413
414
415
416
417
419
420
441
442
443
444
445
446
448
449
470
471
472
473
474
475
477
478
499
500
501
502
503
504
506
507
528
529
530
531
532
533
535
536
552
553
554
555
557
576
577
578
580
581
605
606
607
608
609
610
612
613
634
635
636
637
638
639
641
642
663
664
665
666
667
668
670
671
692
693
694
695
696
697
699
700
721
722
723
724
725
726
728
729
750
751
752
753
754
755
757
758
779
780
781
782
783
784
786
787
808
809
810
811
812
813
815
816
832
833
834
835
837
856
857
858
860
861
885
886
887
888
889
890
892
914
915
916
917
918
919
921
922
943
944
945
946
947
948
950
951
972
973
974
975
976
977
979
980
1001
1002
1003
1004
1005
1006
1008
1009
1030
1031
1032
1033
1034
1035
1037
1038
1059
1060
1061
1062
1063
1064
1066
1067
1088
1089
1090
1091
1092
1093
1095
1096
1112
1113
1114
1115
1117
1136
1137
1138
1140
1141
1165
1166
1167
1169
1170
1194
1195
1196
1197
1198
1199
1201
1202
1223
1224
1225
1226
1227
1228
1230
1231
1252
1253
1254
1255
1256
1257
1259
1260
1281
1282
1283
1284
1285
1286
1288
1289
1310
1311
1312
1313
1314
1315
1317
1318
1339
1340
1341
1342
1343
1344
1346
1347
1368
1369
1370
1371
1372
1373
1375
1376
1392
1393
1394
1395
1397
1416
1417
1418
1420
1421
1445
1446
1447
1449
1450
1474
1475
1476
1477
1478
1479
1481
1503
1504
1505
1506
1507
1508
1510
1511
1532
1533
1534
1535
1536
1537
1539
1540
1561
1562
1563
1564
1565
1566
1568
1569
1590
1591
1592
1593
1594
1595
1597
1598
1619
1620
1621
1622
1623
1624
1626
1627
1648
1649
1650
1651
1652
1653
1655
1656
1672
1673
1674
1675
1677
1696
1697
1698
1700
1701
1725
1726
1727
1729
1730
1754
1755
1756
1758
1759
1783
1784
1785
1786
1787
1788
1790
1791
1812
1813
1814
1815
1816
1817
1819
1820
1841
1842
1843
1844
1845
1846
1848
1849
1870
1871
1872
1873
1874
1875
1877
1878
1899
1900
1901
1902
1903
1904
1906
1907
1928
1929
1930
1931
1932
1933
1935
1936
1952
1953
1954
1955
1957
1976
1977
1978
1980
1981
2005
2006
2007
2009
2010
2034
2035
2036
2038
2039
2063
2064
2065
2066
2067
2068
2070
2071
2092
2093
2094
2095
2096
2097
2099
2100
2121
2122
2123
2124
2125
2126
2128
2129
2150
2151
2152
2153
2154
2155
2157
2158
2179
2180
2181
2182
2183
2184
2186
2187
2208
2209
2210
2211
2212
2213
2215
2216
2232
2233
2234
2235
2237
2256
2257
2258
2260
2261
2285
2286
2287
2289
2290
2314
2315
2316
2318
2319
2343
2344
2345
2346
2347
2348
2350
2372
2373
2374
2375
2376
2377
2379
2380
2401
2402
2403
2404
2405
2406
2408
2409
2430
2431
2432
2433
2434
2435
2437
2438
2459
2460
2461
2462
2463
2464
2466
2467
2488
2489
2490
2491
2492
2493
2495
2496
2512
2513
2514
2515
2517
2536
2537
2538
2540
2541
2565
2566
2567
2569
2570
2594
2595
2596
2598
2599
2623
2624
2625
2627
2628
2652
2653
2654
2655
2656
2657
2659
2660
2681
2682
2683
2684
2685
2686
2688
2689
2710
2711
2712
2713
2714
2715
2717
2718
2739
2740
2741
2742
2743
2744
2746
2747
2768
2769
2770
2771
2772
2773
2775
2776
2792
2793
2794
2795
2797
2816
2817
2818
2820
2821
2845
2846
2847
2849
2850
2874
2875
2876
2878
2879
2903
2904
2905
2907
2908
2932
2933
2934
2935
2936
2937
2939
2961
2962
2963
2964
2965
2966
2968
2969
2990
2991
2992
2993
2994
2995
2997
2998
3019
3020
3021
3022
3023
3024
3026
3027
3048
3049
3050
3051
3052
3053
3055
3056
3072
3073
3074
3075
3077
3096
3097
3098
3100
3101
3125
3126
3127
3129
3130
3154
3155
3156
3158
3159
3183
3184
3185
3187
3188
3212
3213
3214
3216
3217
3241
3242
3243
3244
3245
3246
3248
3249
3270
3271
3272
3273
3274
3275
3277
3278
3299
3300
3301
3302
3303
3304
3306
3307
3328
3329
3330
3331
3332
3333
3335
3336
3352
3353
3354
3355
3357
3376
3377
3378
3380
3381
3405
3406
3407
3409
3410
3434
3435
3436
3438
3439
3463
3464
3465
3467
3468
3492
3493
3494
3496
3497
3521
3522
3523
3524
3525
3526
3528
3529
3550
3551
3552
3553
3554
3555
3557
3558
3579
3580
3581
3582
3583
3584
3586
3587
3608
3609
3610
3611
3612
3613
3615
3616
3632
3633
3634
3635
3637
3656
3657
3658
3660
3661
3685
3686
3687
3689
3690
3714
3715
3716
3718
3719
3743
3744
3745
3747
3748
3772
3773
3774
3776
3777
3801
3802
3803
3804
3805
3806
3808
3830
3831
3832
3833
3834
3835
3837
3838
3859
3860
3861
3862
3863
3864
3866
3867
3888
3889
3890
3891
3892
3893
3895
3896
3912
3913
3914
3915
3917
3936
3937
3938
3940
3941
3965
3966
3967
3969
3970
3994
3995
3996
3998
3999
4023
4024
4025
4027
4028
4052
4053
4054
4056
4057
4081
4082
4083
4085
4086
4110
4111
4112
4113
4114
4115
4117
4118
4139
4140
4141
4142
4143
4144
4146
4147
4168
4169
4170
4171
4172
4173
4175
4176
4192
4193
4194
4195
4197
4216
4217
4218
4220
4221
4245
4246
4247
4249
4250
4274
4275
4276
4278
4279
4303
4304
4305
4307
4308
4332
4333
4334
4336
4337
4361
4362
4363
4365
4366
4390
4391
4392
4393
4394
4395
4397
4419
4420
4421
4422
4423
4424
4426
4427
4448
4449
4450
4451
4452
4453
4455
4456
4472
4473
4474
4475
4477
4496
4497
4498
4500
4501
4525
4526
4527
4529
4530
4554
4555
4556
4558
4559
4583
4584
4585
4587
4588
4612
4613
4614
4616
4617
4641
4642
4643
4645
4646
4670
4671
4672
4674
4675
4699
4700
4701
4702
4703
4704
4706
4707
4728
4729
4730
4731
4732
4733
4735
4736
4752
4753
4754
4755
4757
4776
4777
4778
4780
4781
4805
4806
4807
4809
4810
4834
4835
4836
4838
4839
4863
4864
4865
4867
4868
4892
4893
4894
4896
4897
4921
4922
4923
4925
4926
4950
4951
4952
4954
4955
4979
4980
4981
4982
4983
4984
4986
4987
5008
5009
5010
5011
5012
5013
5015
5016
5032
5033
5034
5035
5037
5056
5057
5058
5060
5061
5085
5086
5087
5089
5090
5114
5115
5116
5118
5119
5143
5144
5145
5147
5148
5172
5173
5174
5176
5177
5201
5202
5203
5205
5206
5230
5231
5232
5234
5235
5259
5260
5261
5262
5263
5264
5266
5288
5289
5290
5291
5292
5293
5295
5296
5312
5313
5314
5315
5317
5336
5337
5338
5340
5341
5365
5366
5367
5369
5370
5394
5395
5396
5398
5399
5423
5424
5425
5427
5428
5452
5453
5454
5456
5457
5481
5482
5483
5485
5486
5510
5511
5512
5514
5515
5539
5540
5541
5543
5544
5568
5569
5570
5571
5572
5573
5575
5576
5592
5593
5594
5595
5597
5616
5617
5618
5620
5621
5645
5646
5647
5649
5650
5674
5675
5676
5678
5679
5703
5704
5705
5707
5708
5732
5733
5734
5736
5737
5761
5762
5763
5765
5766
5790
5791
5792
5794
5795
5819
5820
5821
5823
5824
5848
5849
5850
5851
5852
5853
5855
5872
5873
5874
5875
5877
5896
5897
5898
5900
5901
5925
5926
5927
5929
5930
5954
5955
5956
5958
5959
5983
5984
5985
5987
5988
6012
6013
6014
6016
6017
6041
6042
6043
6045
6046
6070
6071
6072
6074
6075
6099
6100
6101
6103
6104
6128
6129
6130
6132
6133
6152
6153
6154
6155
6157
6176
6177
6178
6180
6181
6205
6206
6207
6209
6210
6234
6235
6236
6238
6239
6263
6264
6265
6267
6268
6292
6293
6294
6296
6297
6321
6322
6323
6325
6326
6350
6351
6352
6354
6355
6379
6380
6381
6383
6384
6408
6409
6410
6412
6413
6432
6433
6434
6435
6437
6456
6457
6458
6460
6461
6485
6486
6487
6489
6490
6514
6515
6516
6518
6519
6543
6544
6545
6547
6548
6572
6573
6574
6576
6577
6601
6602
6603
6605
6606
6630
6631
6632
6634
6635
6659
6660
6661
6663
6664
6688
6689
6690
6692
6693
6712
6713
6714
6715
6731
6732
6734
6750
6751
6753
6769
6770
6772
6788
6789
6791
6807
6808
6810
6826
6827
6829
6845
6846
6848
6864
6865
6867
6883
6884
6886
6897
6951
6952
6953
6954
6955
6956
6957
6958
6959
6960
6961
6962
6963
6964
6965
6966
6967
6968
6969
6970
6971
6972
6973
6974
6975
6976
6977
6978
6979
6980
7051
7052
7053
7054
7055
7056
7057
7058
7059
7060
7061
7062
7063
7064
7065
7066
7067
7068
7069
7070
7726
7727
7728
7729
7730
7731
7732
7733
7734
7735
7736
7737
7738
7739
7740
7741
7742
7743
7744
7745
7746
7747
7748
7749
7750
7751
7752
7753
7754
7755
7756
7757
7758
7759
7760
7761
7762
7763
7764
7765
7766
7767
7768
7769
7770
7771
7772
7773
7774
7775
7776
7976
7977
7978
7979
7980
7981
7982
7983
7984
7985
7986
7987
7988
7989
7990
7991
7992
7993
7994
7995
7996
7997
7998
7999
8000
8001
8002
8003
8004
8005
8006
8007
8008
8009
8010
8011
8012
8013
8014
8015
8016
8017
8018
8019
8020
8021
8022
8023
8024
8025
8026
-13
-42
-71
-100
-129
-158
-187
-216
-245
-270
-293
-322
-351
-380
-409
-438
-467
-496
-525
-550
-573
-602
-631
-660
-689
-718
-747
-776
-805
-830
-853
-882
-911
-940
-969
-998
-1027
-1056
-1085
-1110
-1133
-1162
-1191
-1220
-1249
-1278
-1307
-1336
-1365
-1390
-1413
-1442
-1471
-1500
-1529
-1558
-1587
-1616
-1645
-1670
-1693
-1722
-1751
-1780
-1809
-1838
-1867
-1896
-1925
-1950
-1973
-2002
-2031
-2060
-2089
-2118
-2147
-2176
-2205
-2230
-2253
-2282
-2311
-2340
-2369
-2398
-2427
-2456
-2485
-2510
-2533
-2562
-2591
-2620
-2649
-2678
-2707
-2736
-2765
-2790
-2813
-2842
-2871
-2900
-2929
-2958
-2987
-3016
-3045
-3070
-3093
-3122
-3151
-3180
-3209
-3238
-3267
-3296
-3325
-3350
-3373
-3402
-3431
-3460
-3489
-3518
-3547
-3576
-3605
-3630
-3653
-3682
-3711
-3740
-3769
-3798
-3827
-3856
-3885
-3910
-3933
-3962
-3991
-4020
-4049
-4078
-4107
-4136
-4165
-4190
-4213
-4242
-4271
-4300
-4329
-4358
-4387
-4416
-4445
-4470
-4493
-4522
-4551
-4580
-4609
-4638
-4667
-4696
-4725
-4750
-4773
-4802
-4831
-4860
-4889
-4918
-4947
-4976
-5005
-5030
-5053
-5082
-5111
-5140
-5169
-5198
-5227
-5256
-5285
-5310
-5333
-5362
-5391
-5420
-5449
-5478
-5507
-5536
-5565
-5590
-5613
-5642
-5671
-5700
-5729
-5758
-5787
-5816
-5845
-5870
-5893
-5922
-5951
-5980
-6009
-6038
-6067
-6096
-6125
-6150
-6173
-6202
-6231
-6260
-6289
-6318
-6347
-6376
-6405
-6430
-6453
-6482
-6511
-6540
-6569
-6598
-6627
-6656
-6685
-6710
-6729
-6748
-6767
-6786
-6805
-6824
-6843
-6862
-6881
-6896
22
24
51
80
109
138
167
196
225
254
276
299
-303
331
360
389
418
447
476
505
534
556
579
-583
611
640
669
698
727
756
785
814
836
859
-863
891
893
920
949
978
1007
1036
1065
1094
1116
1139
1168
-1172
1200
1229
1258
1287
1316
1345
1374
1396
1419
1448
-1452
1480
1482
1509
1538
1567
1596
1625
1654
1676
1699
1728
1757
-1761
1789
1818
1847
1876
1905
1934
1956
1979
2008
2037
-2041
2069
2098
2127
2156
2185
2214
2236
2259
2288
2317
-2321
2349
2351
2378
2407
2436
2465
2494
2516
2539
2568
2597
2626
-2630
2658
2687
2716
2745
2774
2796
2819
2848
2877
2906
-2910
2938
2940
2967
2996
3025
3054
3076
3099
3128
3157
3186
3215
-3219
3247
3276
3305
3334
3356
3379
3408
3437
3466
3495
-3499
3527
3556
3585
3614
3636
3659
3688
3717
3746
3775
-3779
3807
3809
3836
3865
3894
3916
3939
3968
3997
4026
4055
4084
-4088
4116
4145
4174
4196
4219
4248
4277
4306
4335
4364
-4368
4396
4398
4425
4454
4476
4499
4528
4557
4586
4615
4644
4673
-4677
4705
4734
4756
4779
4808
4837
4866
4895
4924
4953
-4957
4985
5014
5036
5059
5088
5117
5146
5175
5204
5233
-5237
5265
5267
5294
5316
5339
5368
5397
5426
5455
5484
5513
5542
-5546
5574
5596
5619
5648
5677
5706
5735
5764
5793
5822
-5826
5854
5856
5876
5899
5928
5957
5986
6015
6044
6073
6102
6131
-6135
6156
6179
6208
6237
6266
6295
6324
6353
6382
6411
-6415
6436
6459
6488
6517
6546
6575
6604
6633
6662
6691
-6695
6716
6717
6733
6752
6771
6790
6809
6828
6847
6866
6885
6898
8027
8028
8029
8030
8031
8032
8033
8034
8035
8036
8037
8038
8039
8040
8041
8042
8043
8044
8045
8046
8047
8048
8049
)


// ************************************************************************* //
