/*--------------------------------*- C++ -*----------------------------------*\
| =========                 |                                                 |
| \\      /  F ield         | OpenFOAM: The Open Source CFD Toolbox           |
|  \\    /   O peration     | Version:  2.4.0                                 |
|   \\  /    A nd           | Web:      www.OpenFOAM.org                      |
|    \\/     M anipulation  |                                                 |
\*---------------------------------------------------------------------------*/
FoamFile
{
    version     2.0;
    format      ascii;
    class       faceList;
    location    "constant/polyMesh";
    object      faces;
}
// * * * * * * * * * * * * * * * * * * * * * * * * * * * * * * * * * * * * * //


2229
(
4(1 5 49 45)
4(4 48 49 5)
4(44 45 49 48)
4(2 6 50 46)
4(5 49 50 6)
4(45 46 50 49)
4(6 50 51 7)
4(5 9 53 49)
4(8 52 53 9)
4(48 49 53 52)
4(6 10 54 50)
4(9 53 54 10)
4(49 50 54 53)
4(10 54 55 11)
4(50 51 55 54)
4(9 13 57 53)
4(12 56 57 13)
4(52 53 57 56)
4(10 14 58 54)
4(13 57 58 14)
4(53 54 58 57)
4(14 58 59 15)
4(54 55 59 58)
4(13 17 61 57)
4(16 60 61 17)
4(56 57 61 60)
4(14 18 62 58)
4(17 61 62 18)
4(57 58 62 61)
4(18 62 63 19)
4(58 59 63 62)
4(17 21 65 61)
4(20 64 65 21)
4(60 61 65 64)
4(18 22 66 62)
4(21 65 66 22)
4(61 62 66 65)
4(22 66 67 23)
4(62 63 67 66)
4(21 25 69 65)
4(24 68 69 25)
4(64 65 69 68)
4(22 26 70 66)
4(25 69 70 26)
4(65 66 70 69)
4(26 70 71 27)
4(66 67 71 70)
4(25 29 73 69)
4(28 72 73 29)
4(68 69 73 72)
4(26 30 74 70)
4(29 73 74 30)
4(69 70 74 73)
4(30 74 75 31)
4(70 71 75 74)
4(29 33 77 73)
4(32 76 77 33)
4(72 73 77 76)
4(30 34 78 74)
4(33 77 78 34)
4(73 74 78 77)
4(34 78 79 35)
4(74 75 79 78)
4(33 37 81 77)
4(36 80 81 37)
4(76 77 81 80)
4(34 38 82 78)
4(37 81 82 38)
4(77 78 82 81)
4(38 82 83 39)
4(78 79 83 82)
4(37 41 85 81)
4(80 81 85 84)
4(38 42 86 82)
4(81 82 86 85)
4(82 83 87 86)
4(45 49 92 89)
4(48 91 92 49)
4(88 89 92 91)
4(49 92 93 50)
4(89 90 93 92)
4(49 53 96 92)
4(52 95 96 53)
4(91 92 96 95)
4(50 54 97 93)
4(53 96 97 54)
4(92 93 97 96)
4(54 97 98 55)
4(93 94 98 97)
4(53 57 100 96)
4(56 99 100 57)
4(95 96 100 99)
4(54 58 101 97)
4(57 100 101 58)
4(96 97 101 100)
4(58 101 102 59)
4(97 98 102 101)
4(57 61 104 100)
4(60 103 104 61)
4(99 100 104 103)
4(58 62 105 101)
4(61 104 105 62)
4(100 101 105 104)
4(62 105 106 63)
4(101 102 106 105)
4(61 65 108 104)
4(64 107 108 65)
4(103 104 108 107)
4(62 66 109 105)
4(65 108 109 66)
4(104 105 109 108)
4(66 109 110 67)
4(105 106 110 109)
4(65 69 112 108)
4(68 111 112 69)
4(107 108 112 111)
4(66 70 113 109)
4(69 112 113 70)
4(108 109 113 112)
4(70 113 114 71)
4(109 110 114 113)
4(69 73 116 112)
4(72 115 116 73)
4(111 112 116 115)
4(70 74 117 113)
4(73 116 117 74)
4(112 113 117 116)
4(74 117 118 75)
4(113 114 118 117)
4(73 77 120 116)
4(76 119 120 77)
4(115 116 120 119)
4(74 78 121 117)
4(77 120 121 78)
4(116 117 121 120)
4(78 121 122 79)
4(117 118 122 121)
4(77 81 124 120)
4(80 123 124 81)
4(119 120 124 123)
4(78 82 125 121)
4(81 124 125 82)
4(120 121 125 124)
4(82 125 126 83)
4(121 122 126 125)
4(81 85 128 124)
4(123 124 128 127)
4(82 86 129 125)
4(124 125 129 128)
4(125 126 130 129)
4(89 92 135 132)
4(91 134 135 92)
4(131 132 135 134)
4(92 135 136 93)
4(132 133 136 135)
4(92 96 139 135)
4(95 138 139 96)
4(134 135 139 138)
4(93 97 140 136)
4(96 139 140 97)
4(135 136 140 139)
4(97 140 141 98)
4(136 137 141 140)
4(96 100 143 139)
4(99 142 143 100)
4(138 139 143 142)
4(97 101 144 140)
4(100 143 144 101)
4(139 140 144 143)
4(101 144 145 102)
4(140 141 145 144)
4(100 104 147 143)
4(103 146 147 104)
4(142 143 147 146)
4(101 105 148 144)
4(104 147 148 105)
4(143 144 148 147)
4(105 148 149 106)
4(144 145 149 148)
4(104 108 151 147)
4(107 150 151 108)
4(146 147 151 150)
4(105 109 152 148)
4(108 151 152 109)
4(147 148 152 151)
4(109 152 153 110)
4(148 149 153 152)
4(108 112 155 151)
4(111 154 155 112)
4(150 151 155 154)
4(109 113 156 152)
4(112 155 156 113)
4(151 152 156 155)
4(113 156 157 114)
4(152 153 157 156)
4(112 116 159 155)
4(115 158 159 116)
4(154 155 159 158)
4(113 117 160 156)
4(116 159 160 117)
4(155 156 160 159)
4(117 160 161 118)
4(156 157 161 160)
4(116 120 163 159)
4(119 162 163 120)
4(158 159 163 162)
4(117 121 164 160)
4(120 163 164 121)
4(159 160 164 163)
4(121 164 165 122)
4(160 161 165 164)
4(120 124 167 163)
4(123 166 167 124)
4(162 163 167 166)
4(121 125 168 164)
4(124 167 168 125)
4(163 164 168 167)
4(125 168 169 126)
4(164 165 169 168)
4(124 128 171 167)
4(166 167 171 170)
4(125 129 172 168)
4(167 168 172 171)
4(168 169 173 172)
4(132 135 178 175)
4(134 177 178 135)
4(174 175 178 177)
4(135 178 179 136)
4(175 176 179 178)
4(135 139 182 178)
4(138 181 182 139)
4(177 178 182 181)
4(136 140 183 179)
4(139 182 183 140)
4(178 179 183 182)
4(140 183 184 141)
4(139 143 186 182)
4(142 185 186 143)
4(181 182 186 185)
4(140 144 187 183)
4(143 186 187 144)
4(182 183 187 186)
4(144 187 188 145)
4(183 184 188 187)
4(143 147 190 186)
4(146 189 190 147)
4(185 186 190 189)
4(144 148 191 187)
4(147 190 191 148)
4(186 187 191 190)
4(148 191 192 149)
4(187 188 192 191)
4(147 151 194 190)
4(150 193 194 151)
4(189 190 194 193)
4(148 152 195 191)
4(151 194 195 152)
4(190 191 195 194)
4(152 195 196 153)
4(191 192 196 195)
4(151 155 198 194)
4(154 197 198 155)
4(193 194 198 197)
4(152 156 199 195)
4(155 198 199 156)
4(194 195 199 198)
4(156 199 200 157)
4(195 196 200 199)
4(155 159 202 198)
4(158 201 202 159)
4(197 198 202 201)
4(156 160 203 199)
4(159 202 203 160)
4(198 199 203 202)
4(160 203 204 161)
4(199 200 204 203)
4(159 163 206 202)
4(162 205 206 163)
4(201 202 206 205)
4(160 164 207 203)
4(163 206 207 164)
4(202 203 207 206)
4(164 207 208 165)
4(203 204 208 207)
4(163 167 210 206)
4(166 209 210 167)
4(205 206 210 209)
4(164 168 211 207)
4(167 210 211 168)
4(206 207 211 210)
4(168 211 212 169)
4(207 208 212 211)
4(167 171 214 210)
4(209 210 214 213)
4(168 172 215 211)
4(210 211 215 214)
4(211 212 216 215)
4(175 178 221 218)
4(177 220 221 178)
4(217 218 221 220)
4(178 221 222 179)
4(218 219 222 221)
4(178 182 224 221)
4(181 223 224 182)
4(220 221 224 223)
4(182 224 225 183)
4(221 222 225 224)
4(182 186 228 224)
4(185 227 228 186)
4(223 224 228 227)
4(183 187 229 225)
4(186 228 229 187)
4(224 225 229 228)
4(187 229 230 188)
4(225 226 230 229)
4(186 190 232 228)
4(189 231 232 190)
4(227 228 232 231)
4(187 191 233 229)
4(190 232 233 191)
4(228 229 233 232)
4(191 233 234 192)
4(229 230 234 233)
4(190 194 236 232)
4(193 235 236 194)
4(231 232 236 235)
4(191 195 237 233)
4(194 236 237 195)
4(232 233 237 236)
4(195 237 238 196)
4(233 234 238 237)
4(194 198 240 236)
4(197 239 240 198)
4(235 236 240 239)
4(195 199 241 237)
4(198 240 241 199)
4(236 237 241 240)
4(199 241 242 200)
4(237 238 242 241)
4(198 202 244 240)
4(201 243 244 202)
4(239 240 244 243)
4(199 203 245 241)
4(202 244 245 203)
4(240 241 245 244)
4(203 245 246 204)
4(241 242 246 245)
4(202 206 248 244)
4(205 247 248 206)
4(243 244 248 247)
4(203 207 249 245)
4(206 248 249 207)
4(244 245 249 248)
4(207 249 250 208)
4(245 246 250 249)
4(206 210 252 248)
4(209 251 252 210)
4(247 248 252 251)
4(207 211 253 249)
4(210 252 253 211)
4(248 249 253 252)
4(211 253 254 212)
4(249 250 254 253)
4(210 214 256 252)
4(251 252 256 255)
4(211 215 257 253)
4(252 253 257 256)
4(253 254 258 257)
4(218 221 263 260)
4(220 262 263 221)
4(259 260 263 262)
4(221 263 264 222)
4(260 261 264 263)
4(221 224 266 263)
4(223 265 266 224)
4(262 263 266 265)
4(224 266 267 225)
4(263 264 267 266)
4(224 228 270 266)
4(227 269 270 228)
4(265 266 270 269)
4(225 229 271 267)
4(228 270 271 229)
4(266 267 271 270)
4(229 271 272 230)
4(228 232 274 270)
4(231 273 274 232)
4(269 270 274 273)
4(229 233 275 271)
4(232 274 275 233)
4(270 271 275 274)
4(233 275 276 234)
4(271 272 276 275)
4(232 236 278 274)
4(235 277 278 236)
4(273 274 278 277)
4(233 237 279 275)
4(236 278 279 237)
4(274 275 279 278)
4(237 279 280 238)
4(275 276 280 279)
4(236 240 282 278)
4(239 281 282 240)
4(277 278 282 281)
4(237 241 283 279)
4(240 282 283 241)
4(278 279 283 282)
4(241 283 284 242)
4(279 280 284 283)
4(240 244 286 282)
4(243 285 286 244)
4(281 282 286 285)
4(241 245 287 283)
4(244 286 287 245)
4(282 283 287 286)
4(245 287 288 246)
4(283 284 288 287)
4(244 248 290 286)
4(247 289 290 248)
4(285 286 290 289)
4(245 249 291 287)
4(248 290 291 249)
4(286 287 291 290)
4(249 291 292 250)
4(287 288 292 291)
4(248 252 294 290)
4(251 293 294 252)
4(289 290 294 293)
4(249 253 295 291)
4(252 294 295 253)
4(290 291 295 294)
4(253 295 296 254)
4(291 292 296 295)
4(252 256 298 294)
4(293 294 298 297)
4(253 257 299 295)
4(294 295 299 298)
4(295 296 300 299)
4(260 263 305 302)
4(262 304 305 263)
4(301 302 305 304)
4(263 305 306 264)
4(302 303 306 305)
4(263 266 308 305)
4(265 307 308 266)
4(304 305 308 307)
4(266 308 309 267)
4(305 306 309 308)
4(266 270 311 308)
4(269 310 311 270)
4(307 308 311 310)
4(270 311 312 271)
4(308 309 312 311)
4(270 274 315 311)
4(273 314 315 274)
4(310 311 315 314)
4(271 275 316 312)
4(274 315 316 275)
4(311 312 316 315)
4(275 316 317 276)
4(312 313 317 316)
4(274 278 319 315)
4(277 318 319 278)
4(314 315 319 318)
4(275 279 320 316)
4(278 319 320 279)
4(315 316 320 319)
4(279 320 321 280)
4(316 317 321 320)
4(278 282 323 319)
4(281 322 323 282)
4(318 319 323 322)
4(279 283 324 320)
4(282 323 324 283)
4(319 320 324 323)
4(283 324 325 284)
4(320 321 325 324)
4(282 286 327 323)
4(285 326 327 286)
4(322 323 327 326)
4(283 287 328 324)
4(286 327 328 287)
4(323 324 328 327)
4(287 328 329 288)
4(324 325 329 328)
4(286 290 331 327)
4(289 330 331 290)
4(326 327 331 330)
4(287 291 332 328)
4(290 331 332 291)
4(327 328 332 331)
4(291 332 333 292)
4(328 329 333 332)
4(290 294 335 331)
4(293 334 335 294)
4(330 331 335 334)
4(291 295 336 332)
4(294 335 336 295)
4(331 332 336 335)
4(295 336 337 296)
4(332 333 337 336)
4(294 298 339 335)
4(334 335 339 338)
4(295 299 340 336)
4(335 336 340 339)
4(336 337 341 340)
4(302 305 346 343)
4(304 345 346 305)
4(342 343 346 345)
4(305 346 347 306)
4(343 344 347 346)
4(305 308 349 346)
4(307 348 349 308)
4(345 346 349 348)
4(308 349 350 309)
4(346 347 350 349)
4(308 311 352 349)
4(310 351 352 311)
4(348 349 352 351)
4(311 352 353 312)
4(349 350 353 352)
4(311 315 356 352)
4(314 355 356 315)
4(351 352 356 355)
4(312 316 357 353)
4(315 356 357 316)
4(352 353 357 356)
4(316 357 358 317)
4(353 354 358 357)
4(315 319 360 356)
4(318 359 360 319)
4(355 356 360 359)
4(316 320 361 357)
4(319 360 361 320)
4(356 357 361 360)
4(320 361 362 321)
4(357 358 362 361)
4(319 323 364 360)
4(322 363 364 323)
4(359 360 364 363)
4(320 324 365 361)
4(323 364 365 324)
4(360 361 365 364)
4(324 365 366 325)
4(361 362 366 365)
4(323 327 368 364)
4(326 367 368 327)
4(363 364 368 367)
4(324 328 369 365)
4(327 368 369 328)
4(364 365 369 368)
4(328 369 370 329)
4(365 366 370 369)
4(327 331 372 368)
4(330 371 372 331)
4(367 368 372 371)
4(328 332 373 369)
4(331 372 373 332)
4(368 369 373 372)
4(332 373 374 333)
4(369 370 374 373)
4(331 335 376 372)
4(334 375 376 335)
4(371 372 376 375)
4(332 336 377 373)
4(335 376 377 336)
4(372 373 377 376)
4(336 377 378 337)
4(373 374 378 377)
4(335 339 380 376)
4(375 376 380 379)
4(336 340 381 377)
4(376 377 381 380)
4(377 378 382 381)
4(343 346 387 384)
4(345 386 387 346)
4(383 384 387 386)
4(346 387 388 347)
4(384 385 388 387)
4(346 349 390 387)
4(348 389 390 349)
4(386 387 390 389)
4(349 390 391 350)
4(387 388 391 390)
4(349 352 393 390)
4(351 392 393 352)
4(389 390 393 392)
4(352 393 394 353)
4(390 391 394 393)
4(352 356 397 393)
4(355 396 397 356)
4(392 393 397 396)
4(353 357 398 394)
4(356 397 398 357)
4(393 394 398 397)
4(357 398 399 358)
4(356 360 401 397)
4(359 400 401 360)
4(396 397 401 400)
4(357 361 402 398)
4(360 401 402 361)
4(397 398 402 401)
4(361 402 403 362)
4(398 399 403 402)
4(360 364 405 401)
4(363 404 405 364)
4(400 401 405 404)
4(361 365 406 402)
4(364 405 406 365)
4(401 402 406 405)
4(365 406 407 366)
4(402 403 407 406)
4(364 368 409 405)
4(367 408 409 368)
4(404 405 409 408)
4(365 369 410 406)
4(368 409 410 369)
4(405 406 410 409)
4(369 410 411 370)
4(406 407 411 410)
4(368 372 413 409)
4(371 412 413 372)
4(408 409 413 412)
4(369 373 414 410)
4(372 413 414 373)
4(409 410 414 413)
4(373 414 415 374)
4(410 411 415 414)
4(372 376 417 413)
4(375 416 417 376)
4(412 413 417 416)
4(373 377 418 414)
4(376 417 418 377)
4(413 414 418 417)
4(377 418 419 378)
4(414 415 419 418)
4(376 380 421 417)
4(416 417 421 420)
4(377 381 422 418)
4(417 418 422 421)
4(418 419 423 422)
4(384 387 428 425)
4(386 427 428 387)
4(424 425 428 427)
4(387 428 429 388)
4(425 426 429 428)
4(387 390 431 428)
4(389 430 431 390)
4(427 428 431 430)
4(390 431 432 391)
4(428 429 432 431)
4(390 393 434 431)
4(392 433 434 393)
4(430 431 434 433)
4(393 434 435 394)
4(431 432 435 434)
4(393 397 437 434)
4(396 436 437 397)
4(433 434 437 436)
4(397 437 438 398)
4(434 435 438 437)
4(397 401 441 437)
4(400 440 441 401)
4(436 437 441 440)
4(398 402 442 438)
4(401 441 442 402)
4(437 438 442 441)
4(402 442 443 403)
4(438 439 443 442)
4(401 405 445 441)
4(404 444 445 405)
4(440 441 445 444)
4(402 406 446 442)
4(405 445 446 406)
4(441 442 446 445)
4(406 446 447 407)
4(442 443 447 446)
4(405 409 449 445)
4(408 448 449 409)
4(444 445 449 448)
4(406 410 450 446)
4(409 449 450 410)
4(445 446 450 449)
4(410 450 451 411)
4(446 447 451 450)
4(409 413 453 449)
4(412 452 453 413)
4(448 449 453 452)
4(410 414 454 450)
4(413 453 454 414)
4(449 450 454 453)
4(414 454 455 415)
4(450 451 455 454)
4(413 417 457 453)
4(416 456 457 417)
4(452 453 457 456)
4(414 418 458 454)
4(417 457 458 418)
4(453 454 458 457)
4(418 458 459 419)
4(454 455 459 458)
4(417 421 461 457)
4(456 457 461 460)
4(418 422 462 458)
4(457 458 462 461)
4(458 459 463 462)
4(425 428 468 465)
4(427 467 468 428)
4(464 465 468 467)
4(428 468 469 429)
4(465 466 469 468)
4(428 431 471 468)
4(430 470 471 431)
4(467 468 471 470)
4(431 471 472 432)
4(468 469 472 471)
4(431 434 474 471)
4(433 473 474 434)
4(470 471 474 473)
4(434 474 475 435)
4(471 472 475 474)
4(434 437 477 474)
4(436 476 477 437)
4(473 474 477 476)
4(437 477 478 438)
4(474 475 478 477)
4(437 441 481 477)
4(440 480 481 441)
4(476 477 481 480)
4(438 442 482 478)
4(441 481 482 442)
4(477 478 482 481)
4(442 482 483 443)
4(441 445 485 481)
4(444 484 485 445)
4(480 481 485 484)
4(442 446 486 482)
4(445 485 486 446)
4(481 482 486 485)
4(446 486 487 447)
4(482 483 487 486)
4(445 449 489 485)
4(448 488 489 449)
4(484 485 489 488)
4(446 450 490 486)
4(449 489 490 450)
4(485 486 490 489)
4(450 490 491 451)
4(486 487 491 490)
4(449 453 493 489)
4(452 492 493 453)
4(488 489 493 492)
4(450 454 494 490)
4(453 493 494 454)
4(489 490 494 493)
4(454 494 495 455)
4(490 491 495 494)
4(453 457 497 493)
4(456 496 497 457)
4(492 493 497 496)
4(454 458 498 494)
4(457 497 498 458)
4(493 494 498 497)
4(458 498 499 459)
4(494 495 499 498)
4(457 461 501 497)
4(496 497 501 500)
4(458 462 502 498)
4(497 498 502 501)
4(498 499 503 502)
4(465 468 508 505)
4(467 507 508 468)
4(504 505 508 507)
4(468 508 509 469)
4(505 506 509 508)
4(468 471 511 508)
4(470 510 511 471)
4(507 508 511 510)
4(471 511 512 472)
4(508 509 512 511)
4(471 474 514 511)
4(473 513 514 474)
4(510 511 514 513)
4(474 514 515 475)
4(511 512 515 514)
4(474 477 517 514)
4(476 516 517 477)
4(513 514 517 516)
4(477 517 518 478)
4(514 515 518 517)
4(477 481 520 517)
4(480 519 520 481)
4(516 517 520 519)
4(481 520 521 482)
4(517 518 521 520)
4(481 485 524 520)
4(484 523 524 485)
4(519 520 524 523)
4(482 486 525 521)
4(485 524 525 486)
4(520 521 525 524)
4(486 525 526 487)
4(521 522 526 525)
4(485 489 528 524)
4(488 527 528 489)
4(523 524 528 527)
4(486 490 529 525)
4(489 528 529 490)
4(524 525 529 528)
4(490 529 530 491)
4(525 526 530 529)
4(489 493 532 528)
4(492 531 532 493)
4(527 528 532 531)
4(490 494 533 529)
4(493 532 533 494)
4(528 529 533 532)
4(494 533 534 495)
4(529 530 534 533)
4(493 497 536 532)
4(496 535 536 497)
4(531 532 536 535)
4(494 498 537 533)
4(497 536 537 498)
4(532 533 537 536)
4(498 537 538 499)
4(533 534 538 537)
4(497 501 540 536)
4(535 536 540 539)
4(498 502 541 537)
4(536 537 541 540)
4(537 538 542 541)
4(505 508 547 544)
4(507 546 547 508)
4(543 544 547 546)
4(508 547 548 509)
4(544 545 548 547)
4(508 511 550 547)
4(510 549 550 511)
4(546 547 550 549)
4(511 550 551 512)
4(547 548 551 550)
4(511 514 553 550)
4(513 552 553 514)
4(549 550 553 552)
4(514 553 554 515)
4(550 551 554 553)
4(514 517 556 553)
4(516 555 556 517)
4(552 553 556 555)
4(517 556 557 518)
4(553 554 557 556)
4(517 520 559 556)
4(519 558 559 520)
4(555 556 559 558)
4(520 559 560 521)
4(556 557 560 559)
4(520 524 563 559)
4(523 562 563 524)
4(558 559 563 562)
4(521 525 564 560)
4(524 563 564 525)
4(559 560 564 563)
4(525 564 565 526)
4(560 561 565 564)
4(524 528 567 563)
4(527 566 567 528)
4(562 563 567 566)
4(525 529 568 564)
4(528 567 568 529)
4(563 564 568 567)
4(529 568 569 530)
4(564 565 569 568)
4(528 532 571 567)
4(531 570 571 532)
4(566 567 571 570)
4(529 533 572 568)
4(532 571 572 533)
4(567 568 572 571)
4(533 572 573 534)
4(568 569 573 572)
4(532 536 575 571)
4(535 574 575 536)
4(570 571 575 574)
4(533 537 576 572)
4(536 575 576 537)
4(571 572 576 575)
4(537 576 577 538)
4(572 573 577 576)
4(536 540 579 575)
4(574 575 579 578)
4(537 541 580 576)
4(575 576 580 579)
4(576 577 581 580)
4(544 547 586 583)
4(546 585 586 547)
4(582 583 586 585)
4(547 586 587 548)
4(583 584 587 586)
4(547 550 589 586)
4(549 588 589 550)
4(585 586 589 588)
4(550 589 590 551)
4(586 587 590 589)
4(550 553 592 589)
4(552 591 592 553)
4(588 589 592 591)
4(553 592 593 554)
4(589 590 593 592)
4(553 556 595 592)
4(555 594 595 556)
4(591 592 595 594)
4(556 595 596 557)
4(592 593 596 595)
4(556 559 598 595)
4(558 597 598 559)
4(594 595 598 597)
4(559 598 599 560)
4(595 596 599 598)
4(559 563 602 598)
4(562 601 602 563)
4(597 598 602 601)
4(560 564 603 599)
4(563 602 603 564)
4(598 599 603 602)
4(564 603 604 565)
4(563 567 606 602)
4(566 605 606 567)
4(601 602 606 605)
4(564 568 607 603)
4(567 606 607 568)
4(602 603 607 606)
4(568 607 608 569)
4(603 604 608 607)
4(567 571 610 606)
4(570 609 610 571)
4(605 606 610 609)
4(568 572 611 607)
4(571 610 611 572)
4(606 607 611 610)
4(572 611 612 573)
4(607 608 612 611)
4(571 575 614 610)
4(574 613 614 575)
4(609 610 614 613)
4(572 576 615 611)
4(575 614 615 576)
4(610 611 615 614)
4(576 615 616 577)
4(611 612 616 615)
4(575 579 618 614)
4(613 614 618 617)
4(576 580 619 615)
4(614 615 619 618)
4(615 616 620 619)
4(583 586 625 622)
4(585 624 625 586)
4(621 622 625 624)
4(586 625 626 587)
4(622 623 626 625)
4(586 589 628 625)
4(588 627 628 589)
4(624 625 628 627)
4(589 628 629 590)
4(625 626 629 628)
4(589 592 631 628)
4(591 630 631 592)
4(627 628 631 630)
4(592 631 632 593)
4(628 629 632 631)
4(592 595 634 631)
4(594 633 634 595)
4(630 631 634 633)
4(595 634 635 596)
4(631 632 635 634)
4(595 598 637 634)
4(597 636 637 598)
4(633 634 637 636)
4(598 637 638 599)
4(634 635 638 637)
4(598 602 640 637)
4(601 639 640 602)
4(636 637 640 639)
4(602 640 641 603)
4(637 638 641 640)
4(602 606 644 640)
4(605 643 644 606)
4(639 640 644 643)
4(603 607 645 641)
4(606 644 645 607)
4(640 641 645 644)
4(607 645 646 608)
4(641 642 646 645)
4(606 610 648 644)
4(609 647 648 610)
4(643 644 648 647)
4(607 611 649 645)
4(610 648 649 611)
4(644 645 649 648)
4(611 649 650 612)
4(645 646 650 649)
4(610 614 652 648)
4(613 651 652 614)
4(647 648 652 651)
4(611 615 653 649)
4(614 652 653 615)
4(648 649 653 652)
4(615 653 654 616)
4(649 650 654 653)
4(614 618 656 652)
4(651 652 656 655)
4(615 619 657 653)
4(652 653 657 656)
4(653 654 658 657)
4(622 625 663 660)
4(624 662 663 625)
4(659 660 663 662)
4(625 663 664 626)
4(660 661 664 663)
4(625 628 666 663)
4(627 665 666 628)
4(662 663 666 665)
4(628 666 667 629)
4(663 664 667 666)
4(628 631 669 666)
4(630 668 669 631)
4(665 666 669 668)
4(631 669 670 632)
4(666 667 670 669)
4(631 634 672 669)
4(633 671 672 634)
4(668 669 672 671)
4(634 672 673 635)
4(669 670 673 672)
4(634 637 675 672)
4(636 674 675 637)
4(671 672 675 674)
4(637 675 676 638)
4(672 673 676 675)
4(637 640 678 675)
4(639 677 678 640)
4(674 675 678 677)
4(640 678 679 641)
4(675 676 679 678)
4(640 644 682 678)
4(643 681 682 644)
4(677 678 682 681)
4(641 645 683 679)
4(644 682 683 645)
4(678 679 683 682)
4(645 683 684 646)
4(644 648 686 682)
4(647 685 686 648)
4(681 682 686 685)
4(645 649 687 683)
4(648 686 687 649)
4(682 683 687 686)
4(649 687 688 650)
4(683 684 688 687)
4(648 652 690 686)
4(651 689 690 652)
4(685 686 690 689)
4(649 653 691 687)
4(652 690 691 653)
4(686 687 691 690)
4(653 691 692 654)
4(687 688 692 691)
4(652 656 694 690)
4(689 690 694 693)
4(653 657 695 691)
4(690 691 695 694)
4(691 692 696 695)
4(660 663 701 698)
4(662 700 701 663)
4(697 698 701 700)
4(663 701 702 664)
4(698 699 702 701)
4(663 666 704 701)
4(665 703 704 666)
4(700 701 704 703)
4(666 704 705 667)
4(701 702 705 704)
4(666 669 707 704)
4(668 706 707 669)
4(703 704 707 706)
4(669 707 708 670)
4(704 705 708 707)
4(669 672 710 707)
4(671 709 710 672)
4(706 707 710 709)
4(672 710 711 673)
4(707 708 711 710)
4(672 675 713 710)
4(674 712 713 675)
4(709 710 713 712)
4(675 713 714 676)
4(710 711 714 713)
4(675 678 716 713)
4(677 715 716 678)
4(712 713 716 715)
4(678 716 717 679)
4(713 714 717 716)
4(678 682 719 716)
4(681 718 719 682)
4(715 716 719 718)
4(682 719 720 683)
4(716 717 720 719)
4(682 686 723 719)
4(685 722 723 686)
4(718 719 723 722)
4(683 687 724 720)
4(686 723 724 687)
4(719 720 724 723)
4(687 724 725 688)
4(720 721 725 724)
4(686 690 727 723)
4(689 726 727 690)
4(722 723 727 726)
4(687 691 728 724)
4(690 727 728 691)
4(723 724 728 727)
4(691 728 729 692)
4(724 725 729 728)
4(690 694 731 727)
4(726 727 731 730)
4(691 695 732 728)
4(727 728 732 731)
4(728 729 733 732)
4(698 701 738 735)
4(700 737 738 701)
4(734 735 738 737)
4(701 738 739 702)
4(735 736 739 738)
4(701 704 741 738)
4(703 740 741 704)
4(737 738 741 740)
4(704 741 742 705)
4(738 739 742 741)
4(704 707 744 741)
4(706 743 744 707)
4(740 741 744 743)
4(707 744 745 708)
4(741 742 745 744)
4(707 710 747 744)
4(709 746 747 710)
4(743 744 747 746)
4(710 747 748 711)
4(744 745 748 747)
4(710 713 750 747)
4(712 749 750 713)
4(746 747 750 749)
4(713 750 751 714)
4(747 748 751 750)
4(713 716 753 750)
4(715 752 753 716)
4(749 750 753 752)
4(716 753 754 717)
4(750 751 754 753)
4(716 719 756 753)
4(718 755 756 719)
4(752 753 756 755)
4(719 756 757 720)
4(753 754 757 756)
4(719 723 760 756)
4(722 759 760 723)
4(755 756 760 759)
4(720 724 761 757)
4(723 760 761 724)
4(756 757 761 760)
4(724 761 762 725)
4(757 758 762 761)
4(723 727 764 760)
4(726 763 764 727)
4(759 760 764 763)
4(724 728 765 761)
4(727 764 765 728)
4(760 761 765 764)
4(728 765 766 729)
4(761 762 766 765)
4(727 731 768 764)
4(763 764 768 767)
4(728 732 769 765)
4(764 765 769 768)
4(765 766 770 769)
4(735 738 775 772)
4(737 774 775 738)
4(771 772 775 774)
4(738 775 776 739)
4(772 773 776 775)
4(738 741 778 775)
4(740 777 778 741)
4(774 775 778 777)
4(741 778 779 742)
4(775 776 779 778)
4(741 744 781 778)
4(743 780 781 744)
4(777 778 781 780)
4(744 781 782 745)
4(778 779 782 781)
4(744 747 784 781)
4(746 783 784 747)
4(780 781 784 783)
4(747 784 785 748)
4(781 782 785 784)
4(747 750 787 784)
4(749 786 787 750)
4(783 784 787 786)
4(750 787 788 751)
4(784 785 788 787)
4(750 753 790 787)
4(752 789 790 753)
4(786 787 790 789)
4(753 790 791 754)
4(787 788 791 790)
4(753 756 793 790)
4(755 792 793 756)
4(789 790 793 792)
4(756 793 794 757)
4(790 791 794 793)
4(756 760 797 793)
4(759 796 797 760)
4(792 793 797 796)
4(757 761 798 794)
4(760 797 798 761)
4(793 794 798 797)
4(761 798 799 762)
4(760 764 801 797)
4(763 800 801 764)
4(796 797 801 800)
4(761 765 802 798)
4(764 801 802 765)
4(797 798 802 801)
4(765 802 803 766)
4(798 799 803 802)
4(764 768 805 801)
4(800 801 805 804)
4(765 769 806 802)
4(801 802 806 805)
4(802 803 807 806)
4(772 775 812 809)
4(774 811 812 775)
4(808 809 812 811)
4(775 812 813 776)
4(809 810 813 812)
4(775 778 815 812)
4(777 814 815 778)
4(811 812 815 814)
4(778 815 816 779)
4(812 813 816 815)
4(778 781 818 815)
4(780 817 818 781)
4(814 815 818 817)
4(781 818 819 782)
4(815 816 819 818)
4(781 784 821 818)
4(783 820 821 784)
4(817 818 821 820)
4(784 821 822 785)
4(818 819 822 821)
4(784 787 824 821)
4(786 823 824 787)
4(820 821 824 823)
4(787 824 825 788)
4(821 822 825 824)
4(787 790 827 824)
4(789 826 827 790)
4(823 824 827 826)
4(790 827 828 791)
4(824 825 828 827)
4(790 793 830 827)
4(792 829 830 793)
4(826 827 830 829)
4(793 830 831 794)
4(827 828 831 830)
4(793 797 833 830)
4(796 832 833 797)
4(829 830 833 832)
4(797 833 834 798)
4(830 831 834 833)
4(797 801 837 833)
4(800 836 837 801)
4(832 833 837 836)
4(798 802 838 834)
4(801 837 838 802)
4(833 834 838 837)
4(802 838 839 803)
4(834 835 839 838)
4(801 805 841 837)
4(836 837 841 840)
4(802 806 842 838)
4(837 838 842 841)
4(838 839 843 842)
4(809 812 848 845)
4(811 847 848 812)
4(844 845 848 847)
4(812 848 849 813)
4(845 846 849 848)
4(812 815 851 848)
4(814 850 851 815)
4(847 848 851 850)
4(815 851 852 816)
4(848 849 852 851)
4(815 818 854 851)
4(817 853 854 818)
4(850 851 854 853)
4(818 854 855 819)
4(851 852 855 854)
4(818 821 857 854)
4(820 856 857 821)
4(853 854 857 856)
4(821 857 858 822)
4(854 855 858 857)
4(821 824 860 857)
4(823 859 860 824)
4(856 857 860 859)
4(824 860 861 825)
4(857 858 861 860)
4(824 827 863 860)
4(826 862 863 827)
4(859 860 863 862)
4(827 863 864 828)
4(860 861 864 863)
4(827 830 866 863)
4(829 865 866 830)
4(862 863 866 865)
4(830 866 867 831)
4(863 864 867 866)
4(830 833 869 866)
4(832 868 869 833)
4(865 866 869 868)
4(833 869 870 834)
4(866 867 870 869)
4(833 837 873 869)
4(836 872 873 837)
4(868 869 873 872)
4(834 838 874 870)
4(837 873 874 838)
4(869 870 874 873)
4(838 874 875 839)
4(837 841 877 873)
4(872 873 877 876)
4(838 842 878 874)
4(873 874 878 877)
4(874 875 879 878)
4(845 848 884 881)
4(847 883 884 848)
4(880 881 884 883)
4(848 884 885 849)
4(881 882 885 884)
4(848 851 887 884)
4(850 886 887 851)
4(883 884 887 886)
4(851 887 888 852)
4(884 885 888 887)
4(851 854 890 887)
4(853 889 890 854)
4(886 887 890 889)
4(854 890 891 855)
4(887 888 891 890)
4(854 857 893 890)
4(856 892 893 857)
4(889 890 893 892)
4(857 893 894 858)
4(890 891 894 893)
4(857 860 896 893)
4(859 895 896 860)
4(892 893 896 895)
4(860 896 897 861)
4(893 894 897 896)
4(860 863 899 896)
4(862 898 899 863)
4(895 896 899 898)
4(863 899 900 864)
4(896 897 900 899)
4(863 866 902 899)
4(865 901 902 866)
4(898 899 902 901)
4(866 902 903 867)
4(899 900 903 902)
4(866 869 905 902)
4(868 904 905 869)
4(901 902 905 904)
4(869 905 906 870)
4(902 903 906 905)
4(869 873 908 905)
4(872 907 908 873)
4(904 905 908 907)
4(873 908 909 874)
4(905 906 909 908)
4(873 877 912 908)
4(907 908 912 911)
4(874 878 913 909)
4(908 909 913 912)
4(909 910 914 913)
4(881 884 919 916)
4(883 918 919 884)
4(915 916 919 918)
4(884 919 920 885)
4(916 917 920 919)
4(884 887 922 919)
4(886 921 922 887)
4(918 919 922 921)
4(887 922 923 888)
4(919 920 923 922)
4(887 890 925 922)
4(889 924 925 890)
4(921 922 925 924)
4(890 925 926 891)
4(922 923 926 925)
4(890 893 928 925)
4(892 927 928 893)
4(924 925 928 927)
4(893 928 929 894)
4(925 926 929 928)
4(893 896 931 928)
4(895 930 931 896)
4(927 928 931 930)
4(896 931 932 897)
4(928 929 932 931)
4(896 899 934 931)
4(898 933 934 899)
4(930 931 934 933)
4(899 934 935 900)
4(931 932 935 934)
4(899 902 937 934)
4(901 936 937 902)
4(933 934 937 936)
4(902 937 938 903)
4(934 935 938 937)
4(902 905 940 937)
4(904 939 940 905)
4(936 937 940 939)
4(905 940 941 906)
4(937 938 941 940)
4(905 908 943 940)
4(907 942 943 908)
4(939 940 943 942)
4(908 943 944 909)
4(940 941 944 943)
4(908 912 947 943)
4(942 943 947 946)
4(909 913 948 944)
4(943 944 948 947)
4(944 945 949 948)
4(916 919 954 951)
4(918 953 954 919)
4(950 951 954 953)
4(919 954 955 920)
4(951 952 955 954)
4(919 922 957 954)
4(921 956 957 922)
4(953 954 957 956)
4(922 957 958 923)
4(954 955 958 957)
4(922 925 960 957)
4(924 959 960 925)
4(956 957 960 959)
4(925 960 961 926)
4(957 958 961 960)
4(925 928 963 960)
4(927 962 963 928)
4(959 960 963 962)
4(928 963 964 929)
4(960 961 964 963)
4(928 931 966 963)
4(930 965 966 931)
4(962 963 966 965)
4(931 966 967 932)
4(963 964 967 966)
4(931 934 969 966)
4(933 968 969 934)
4(965 966 969 968)
4(934 969 970 935)
4(966 967 970 969)
4(934 937 972 969)
4(936 971 972 937)
4(968 969 972 971)
4(937 972 973 938)
4(969 970 973 972)
4(937 940 975 972)
4(939 974 975 940)
4(971 972 975 974)
4(940 975 976 941)
4(972 973 976 975)
4(940 943 978 975)
4(942 977 978 943)
4(974 975 978 977)
4(943 978 979 944)
4(975 976 979 978)
4(943 947 982 978)
4(977 978 982 981)
4(944 948 983 979)
4(978 979 983 982)
4(951 954 989 986)
4(953 988 989 954)
4(954 989 990 955)
4(954 957 992 989)
4(956 991 992 957)
4(957 992 993 958)
4(957 960 995 992)
4(959 994 995 960)
4(960 995 996 961)
4(960 963 998 995)
4(962 997 998 963)
4(963 998 999 964)
4(963 966 1001 998)
4(965 1000 1001 966)
4(966 1001 1002 967)
4(966 969 1004 1001)
4(968 1003 1004 969)
4(969 1004 1005 970)
4(969 972 1007 1004)
4(971 1006 1007 972)
4(972 1007 1008 973)
4(972 975 1010 1007)
4(974 1009 1010 975)
4(975 1010 1011 976)
4(975 978 1013 1010)
4(977 1012 1013 978)
4(978 1013 1014 979)
4(978 982 1016 1013)
4(0 4 5 1)
4(4 8 9 5)
4(8 12 13 9)
4(12 16 17 13)
4(16 20 21 17)
4(20 24 25 21)
4(24 28 29 25)
4(28 32 33 29)
4(32 36 37 33)
4(36 40 41 37)
4(1 5 6 2)
4(5 9 10 6)
4(9 13 14 10)
4(13 17 18 14)
4(17 21 22 18)
4(21 25 26 22)
4(25 29 30 26)
4(29 33 34 30)
4(33 37 38 34)
4(37 41 42 38)
4(2 6 7 3)
4(6 10 11 7)
4(10 14 15 11)
4(14 18 19 15)
4(18 22 23 19)
4(22 26 27 23)
4(26 30 31 27)
4(30 34 35 31)
4(34 38 39 35)
4(38 42 43 39)
4(985 986 989 988)
4(988 989 992 991)
4(991 992 995 994)
4(994 995 998 997)
4(997 998 1001 1000)
4(1000 1001 1004 1003)
4(1003 1004 1007 1006)
4(1006 1007 1010 1009)
4(1009 1010 1013 1012)
4(1012 1013 1016 1015)
4(986 987 990 989)
4(989 990 993 992)
4(992 993 996 995)
4(995 996 999 998)
4(998 999 1002 1001)
4(1001 1002 1005 1004)
4(1004 1005 1008 1007)
4(1007 1008 1011 1010)
4(1010 1011 1014 1013)
4(1013 1014 1017 1016)
4(0 1 45 44)
4(44 45 89 88)
4(88 89 132 131)
4(131 132 175 174)
4(174 175 218 217)
4(217 218 260 259)
4(259 260 302 301)
4(301 302 343 342)
4(342 343 384 383)
4(383 384 425 424)
4(424 425 465 464)
4(464 465 505 504)
4(504 505 544 543)
4(543 544 583 582)
4(582 583 622 621)
4(621 622 660 659)
4(659 660 698 697)
4(697 698 735 734)
4(734 735 772 771)
4(771 772 809 808)
4(808 809 845 844)
4(844 845 881 880)
4(880 881 916 915)
4(915 916 951 950)
4(950 951 986 985)
4(1 2 46 45)
4(45 46 90 89)
4(89 90 133 132)
4(132 133 176 175)
4(175 176 219 218)
4(218 219 261 260)
4(260 261 303 302)
4(302 303 344 343)
4(343 344 385 384)
4(384 385 426 425)
4(425 426 466 465)
4(465 466 506 505)
4(505 506 545 544)
4(544 545 584 583)
4(583 584 623 622)
4(622 623 661 660)
4(660 661 699 698)
4(698 699 736 735)
4(735 736 773 772)
4(772 773 810 809)
4(809 810 846 845)
4(845 846 882 881)
4(881 882 917 916)
4(916 917 952 951)
4(951 952 987 986)
4(2 3 47 46)
4(40 84 85 41)
4(84 127 128 85)
4(127 170 171 128)
4(170 213 214 171)
4(213 255 256 214)
4(255 297 298 256)
4(297 338 339 298)
4(338 379 380 339)
4(379 420 421 380)
4(420 460 461 421)
4(460 500 501 461)
4(500 539 540 501)
4(539 578 579 540)
4(578 617 618 579)
4(617 655 656 618)
4(655 693 694 656)
4(693 730 731 694)
4(730 767 768 731)
4(767 804 805 768)
4(804 840 841 805)
4(840 876 877 841)
4(876 911 912 877)
4(911 946 947 912)
4(946 981 982 947)
4(981 1015 1016 982)
4(41 85 86 42)
4(85 128 129 86)
4(128 171 172 129)
4(171 214 215 172)
4(214 256 257 215)
4(256 298 299 257)
4(298 339 340 299)
4(339 380 381 340)
4(380 421 422 381)
4(421 461 462 422)
4(461 501 502 462)
4(501 540 541 502)
4(540 579 580 541)
4(579 618 619 580)
4(618 656 657 619)
4(656 694 695 657)
4(694 731 732 695)
4(731 768 769 732)
4(768 805 806 769)
4(805 841 842 806)
4(841 877 878 842)
4(877 912 913 878)
4(912 947 948 913)
4(947 982 983 948)
4(982 1016 1017 983)
4(42 86 87 43)
4(0 44 48 4)
4(4 48 52 8)
4(8 52 56 12)
4(12 56 60 16)
4(16 60 64 20)
4(20 64 68 24)
4(24 68 72 28)
4(28 72 76 32)
4(32 76 80 36)
4(36 80 84 40)
4(44 88 91 48)
4(48 91 95 52)
4(52 95 99 56)
4(56 99 103 60)
4(60 103 107 64)
4(64 107 111 68)
4(68 111 115 72)
4(72 115 119 76)
4(76 119 123 80)
4(80 123 127 84)
4(88 131 134 91)
4(91 134 138 95)
4(95 138 142 99)
4(99 142 146 103)
4(103 146 150 107)
4(107 150 154 111)
4(111 154 158 115)
4(115 158 162 119)
4(119 162 166 123)
4(123 166 170 127)
4(131 174 177 134)
4(134 177 181 138)
4(138 181 185 142)
4(142 185 189 146)
4(146 189 193 150)
4(150 193 197 154)
4(154 197 201 158)
4(158 201 205 162)
4(162 205 209 166)
4(166 209 213 170)
4(174 217 220 177)
4(177 220 223 181)
4(181 223 227 185)
4(185 227 231 189)
4(189 231 235 193)
4(193 235 239 197)
4(197 239 243 201)
4(201 243 247 205)
4(205 247 251 209)
4(209 251 255 213)
4(217 259 262 220)
4(220 262 265 223)
4(223 265 269 227)
4(227 269 273 231)
4(231 273 277 235)
4(235 277 281 239)
4(239 281 285 243)
4(243 285 289 247)
4(247 289 293 251)
4(251 293 297 255)
4(259 301 304 262)
4(262 304 307 265)
4(265 307 310 269)
4(269 310 314 273)
4(273 314 318 277)
4(277 318 322 281)
4(281 322 326 285)
4(285 326 330 289)
4(289 330 334 293)
4(293 334 338 297)
4(301 342 345 304)
4(304 345 348 307)
4(307 348 351 310)
4(310 351 355 314)
4(314 355 359 318)
4(318 359 363 322)
4(322 363 367 326)
4(326 367 371 330)
4(330 371 375 334)
4(334 375 379 338)
4(342 383 386 345)
4(345 386 389 348)
4(348 389 392 351)
4(351 392 396 355)
4(355 396 400 359)
4(359 400 404 363)
4(363 404 408 367)
4(367 408 412 371)
4(371 412 416 375)
4(375 416 420 379)
4(383 424 427 386)
4(386 427 430 389)
4(389 430 433 392)
4(392 433 436 396)
4(396 436 440 400)
4(400 440 444 404)
4(404 444 448 408)
4(408 448 452 412)
4(412 452 456 416)
4(416 456 460 420)
4(424 464 467 427)
4(427 467 470 430)
4(430 470 473 433)
4(433 473 476 436)
4(436 476 480 440)
4(440 480 484 444)
4(444 484 488 448)
4(448 488 492 452)
4(452 492 496 456)
4(456 496 500 460)
4(464 504 507 467)
4(467 507 510 470)
4(470 510 513 473)
4(473 513 516 476)
4(476 516 519 480)
4(480 519 523 484)
4(484 523 527 488)
4(488 527 531 492)
4(492 531 535 496)
4(496 535 539 500)
4(504 543 546 507)
4(507 546 549 510)
4(510 549 552 513)
4(513 552 555 516)
4(516 555 558 519)
4(519 558 562 523)
4(523 562 566 527)
4(527 566 570 531)
4(531 570 574 535)
4(535 574 578 539)
4(543 582 585 546)
4(546 585 588 549)
4(549 588 591 552)
4(552 591 594 555)
4(555 594 597 558)
4(558 597 601 562)
4(562 601 605 566)
4(566 605 609 570)
4(570 609 613 574)
4(574 613 617 578)
4(582 621 624 585)
4(585 624 627 588)
4(588 627 630 591)
4(591 630 633 594)
4(594 633 636 597)
4(597 636 639 601)
4(601 639 643 605)
4(605 643 647 609)
4(609 647 651 613)
4(613 651 655 617)
4(621 659 662 624)
4(624 662 665 627)
4(627 665 668 630)
4(630 668 671 633)
4(633 671 674 636)
4(636 674 677 639)
4(639 677 681 643)
4(643 681 685 647)
4(647 685 689 651)
4(651 689 693 655)
4(659 697 700 662)
4(662 700 703 665)
4(665 703 706 668)
4(668 706 709 671)
4(671 709 712 674)
4(674 712 715 677)
4(677 715 718 681)
4(681 718 722 685)
4(685 722 726 689)
4(689 726 730 693)
4(697 734 737 700)
4(700 737 740 703)
4(703 740 743 706)
4(706 743 746 709)
4(709 746 749 712)
4(712 749 752 715)
4(715 752 755 718)
4(718 755 759 722)
4(722 759 763 726)
4(726 763 767 730)
4(734 771 774 737)
4(737 774 777 740)
4(740 777 780 743)
4(743 780 783 746)
4(746 783 786 749)
4(749 786 789 752)
4(752 789 792 755)
4(755 792 796 759)
4(759 796 800 763)
4(763 800 804 767)
4(771 808 811 774)
4(774 811 814 777)
4(777 814 817 780)
4(780 817 820 783)
4(783 820 823 786)
4(786 823 826 789)
4(789 826 829 792)
4(792 829 832 796)
4(796 832 836 800)
4(800 836 840 804)
4(808 844 847 811)
4(811 847 850 814)
4(814 850 853 817)
4(817 853 856 820)
4(820 856 859 823)
4(823 859 862 826)
4(826 862 865 829)
4(829 865 868 832)
4(832 868 872 836)
4(836 872 876 840)
4(844 880 883 847)
4(847 883 886 850)
4(850 886 889 853)
4(853 889 892 856)
4(856 892 895 859)
4(859 895 898 862)
4(862 898 901 865)
4(865 901 904 868)
4(868 904 907 872)
4(872 907 911 876)
4(880 915 918 883)
4(883 918 921 886)
4(886 921 924 889)
4(889 924 927 892)
4(892 927 930 895)
4(895 930 933 898)
4(898 933 936 901)
4(901 936 939 904)
4(904 939 942 907)
4(907 942 946 911)
4(915 950 953 918)
4(918 953 956 921)
4(921 956 959 924)
4(924 959 962 927)
4(927 962 965 930)
4(930 965 968 933)
4(933 968 971 936)
4(936 971 974 939)
4(939 974 977 942)
4(942 977 981 946)
4(950 985 988 953)
4(953 988 991 956)
4(956 991 994 959)
4(959 994 997 962)
4(962 997 1000 965)
4(965 1000 1003 968)
4(968 1003 1006 971)
4(971 1006 1009 974)
4(974 1009 1012 977)
4(977 1012 1015 981)
4(3 7 51 47)
4(46 47 51 50)
4(7 11 55 51)
4(11 15 59 55)
4(15 19 63 59)
4(19 23 67 63)
4(23 27 71 67)
4(27 31 75 71)
4(31 35 79 75)
4(35 39 83 79)
4(39 43 87 83)
4(46 50 93 90)
4(50 51 94 93)
4(51 55 98 94)
4(55 59 102 98)
4(59 63 106 102)
4(63 67 110 106)
4(67 71 114 110)
4(71 75 118 114)
4(75 79 122 118)
4(79 83 126 122)
4(83 87 130 126)
4(90 93 136 133)
4(93 94 137 136)
4(94 98 141 137)
4(98 102 145 141)
4(102 106 149 145)
4(106 110 153 149)
4(110 114 157 153)
4(114 118 161 157)
4(118 122 165 161)
4(122 126 169 165)
4(126 130 173 169)
4(133 136 179 176)
4(136 137 180 179)
4(137 141 184 180)
4(179 180 184 183)
4(141 145 188 184)
4(145 149 192 188)
4(149 153 196 192)
4(153 157 200 196)
4(157 161 204 200)
4(161 165 208 204)
4(165 169 212 208)
4(169 173 216 212)
4(176 179 222 219)
4(179 183 225 222)
4(183 184 226 225)
4(184 188 230 226)
4(188 192 234 230)
4(192 196 238 234)
4(196 200 242 238)
4(200 204 246 242)
4(204 208 250 246)
4(208 212 254 250)
4(212 216 258 254)
4(219 222 264 261)
4(222 225 267 264)
4(225 226 268 267)
4(226 230 272 268)
4(267 268 272 271)
4(230 234 276 272)
4(234 238 280 276)
4(238 242 284 280)
4(242 246 288 284)
4(246 250 292 288)
4(250 254 296 292)
4(254 258 300 296)
4(261 264 306 303)
4(264 267 309 306)
4(267 271 312 309)
4(271 272 313 312)
4(272 276 317 313)
4(276 280 321 317)
4(280 284 325 321)
4(284 288 329 325)
4(288 292 333 329)
4(292 296 337 333)
4(296 300 341 337)
4(303 306 347 344)
4(306 309 350 347)
4(309 312 353 350)
4(312 313 354 353)
4(313 317 358 354)
4(317 321 362 358)
4(321 325 366 362)
4(325 329 370 366)
4(329 333 374 370)
4(333 337 378 374)
4(337 341 382 378)
4(344 347 388 385)
4(347 350 391 388)
4(350 353 394 391)
4(353 354 395 394)
4(354 358 399 395)
4(394 395 399 398)
4(358 362 403 399)
4(362 366 407 403)
4(366 370 411 407)
4(370 374 415 411)
4(374 378 419 415)
4(378 382 423 419)
4(385 388 429 426)
4(388 391 432 429)
4(391 394 435 432)
4(394 398 438 435)
4(398 399 439 438)
4(399 403 443 439)
4(403 407 447 443)
4(407 411 451 447)
4(411 415 455 451)
4(415 419 459 455)
4(419 423 463 459)
4(426 429 469 466)
4(429 432 472 469)
4(432 435 475 472)
4(435 438 478 475)
4(438 439 479 478)
4(439 443 483 479)
4(478 479 483 482)
4(443 447 487 483)
4(447 451 491 487)
4(451 455 495 491)
4(455 459 499 495)
4(459 463 503 499)
4(466 469 509 506)
4(469 472 512 509)
4(472 475 515 512)
4(475 478 518 515)
4(478 482 521 518)
4(482 483 522 521)
4(483 487 526 522)
4(487 491 530 526)
4(491 495 534 530)
4(495 499 538 534)
4(499 503 542 538)
4(506 509 548 545)
4(509 512 551 548)
4(512 515 554 551)
4(515 518 557 554)
4(518 521 560 557)
4(521 522 561 560)
4(522 526 565 561)
4(526 530 569 565)
4(530 534 573 569)
4(534 538 577 573)
4(538 542 581 577)
4(545 548 587 584)
4(548 551 590 587)
4(551 554 593 590)
4(554 557 596 593)
4(557 560 599 596)
4(560 561 600 599)
4(561 565 604 600)
4(599 600 604 603)
4(565 569 608 604)
4(569 573 612 608)
4(573 577 616 612)
4(577 581 620 616)
4(584 587 626 623)
4(587 590 629 626)
4(590 593 632 629)
4(593 596 635 632)
4(596 599 638 635)
4(599 603 641 638)
4(603 604 642 641)
4(604 608 646 642)
4(608 612 650 646)
4(612 616 654 650)
4(616 620 658 654)
4(623 626 664 661)
4(626 629 667 664)
4(629 632 670 667)
4(632 635 673 670)
4(635 638 676 673)
4(638 641 679 676)
4(641 642 680 679)
4(642 646 684 680)
4(679 680 684 683)
4(646 650 688 684)
4(650 654 692 688)
4(654 658 696 692)
4(661 664 702 699)
4(664 667 705 702)
4(667 670 708 705)
4(670 673 711 708)
4(673 676 714 711)
4(676 679 717 714)
4(679 683 720 717)
4(683 684 721 720)
4(684 688 725 721)
4(688 692 729 725)
4(692 696 733 729)
4(699 702 739 736)
4(702 705 742 739)
4(705 708 745 742)
4(708 711 748 745)
4(711 714 751 748)
4(714 717 754 751)
4(717 720 757 754)
4(720 721 758 757)
4(721 725 762 758)
4(725 729 766 762)
4(729 733 770 766)
4(736 739 776 773)
4(739 742 779 776)
4(742 745 782 779)
4(745 748 785 782)
4(748 751 788 785)
4(751 754 791 788)
4(754 757 794 791)
4(757 758 795 794)
4(758 762 799 795)
4(794 795 799 798)
4(762 766 803 799)
4(766 770 807 803)
4(773 776 813 810)
4(776 779 816 813)
4(779 782 819 816)
4(782 785 822 819)
4(785 788 825 822)
4(788 791 828 825)
4(791 794 831 828)
4(794 798 834 831)
4(798 799 835 834)
4(799 803 839 835)
4(803 807 843 839)
4(810 813 849 846)
4(813 816 852 849)
4(816 819 855 852)
4(819 822 858 855)
4(822 825 861 858)
4(825 828 864 861)
4(828 831 867 864)
4(831 834 870 867)
4(834 835 871 870)
4(835 839 875 871)
4(870 871 875 874)
4(839 843 879 875)
4(846 849 885 882)
4(849 852 888 885)
4(852 855 891 888)
4(855 858 894 891)
4(858 861 897 894)
4(861 864 900 897)
4(864 867 903 900)
4(867 870 906 903)
4(870 874 909 906)
4(874 875 910 909)
4(875 879 914 910)
4(882 885 920 917)
4(885 888 923 920)
4(888 891 926 923)
4(891 894 929 926)
4(894 897 932 929)
4(897 900 935 932)
4(900 903 938 935)
4(903 906 941 938)
4(906 909 944 941)
4(909 910 945 944)
4(910 914 949 945)
4(917 920 955 952)
4(920 923 958 955)
4(923 926 961 958)
4(926 929 964 961)
4(929 932 967 964)
4(932 935 970 967)
4(935 938 973 970)
4(938 941 976 973)
4(941 944 979 976)
4(944 945 980 979)
4(945 949 984 980)
4(979 980 984 983)
4(952 955 990 987)
4(955 958 993 990)
4(958 961 996 993)
4(961 964 999 996)
4(964 967 1002 999)
4(967 970 1005 1002)
4(970 973 1008 1005)
4(973 976 1011 1008)
4(976 979 1014 1011)
4(979 983 1017 1014)
4(86 129 130 87)
4(129 172 173 130)
4(172 215 216 173)
4(215 257 258 216)
4(257 299 300 258)
4(299 340 341 300)
4(340 381 382 341)
4(381 422 423 382)
4(422 462 463 423)
4(462 502 503 463)
4(502 541 542 503)
4(541 580 581 542)
4(580 619 620 581)
4(619 657 658 620)
4(657 695 696 658)
4(695 732 733 696)
4(732 769 770 733)
4(769 806 807 770)
4(806 842 843 807)
4(842 878 879 843)
4(878 913 914 879)
4(913 948 949 914)
4(948 983 984 949)
)


// ************************************************************************* //
