/*--------------------------------*- C++ -*----------------------------------*\
| =========                 |                                                 |
| \\      /  F ield         | OpenFOAM: The Open Source CFD Toolbox           |
|  \\    /   O peration     | Version:  2.4.0                                 |
|   \\  /    A nd           | Web:      www.OpenFOAM.org                      |
|    \\/     M anipulation  |                                                 |
\*---------------------------------------------------------------------------*/
FoamFile
{
    version     2.0;
    format      ascii;
    class       vectorField;
    location    "constant/polyMesh";
    object      points;
}
// * * * * * * * * * * * * * * * * * * * * * * * * * * * * * * * * * * * * * //


1018
(
(5e-05 0 0)
(6e-05 0 0)
(7e-05 0 0)
(8e-05 0 0)
(5e-05 4e-06 0)
(6e-05 4e-06 0)
(7e-05 4e-06 0)
(8e-05 4e-06 0)
(5e-05 8e-06 0)
(6e-05 8e-06 0)
(7e-05 8e-06 0)
(8e-05 8e-06 0)
(5e-05 1.2e-05 0)
(6e-05 1.2e-05 0)
(7e-05 1.2e-05 0)
(8e-05 1.2e-05 0)
(5e-05 1.6e-05 0)
(6e-05 1.6e-05 0)
(7e-05 1.6e-05 0)
(8e-05 1.6e-05 0)
(5e-05 2e-05 0)
(6e-05 2e-05 0)
(7e-05 2e-05 0)
(8e-05 2e-05 0)
(5e-05 2.4e-05 0)
(6e-05 2.4e-05 0)
(7e-05 2.4e-05 0)
(8e-05 2.4e-05 0)
(5e-05 2.8e-05 0)
(6e-05 2.8e-05 0)
(7e-05 2.8e-05 0)
(8e-05 2.8e-05 0)
(5e-05 3.2e-05 0)
(6e-05 3.2e-05 0)
(7e-05 3.2e-05 0)
(8e-05 3.2e-05 0)
(5e-05 3.6e-05 0)
(6e-05 3.6e-05 0)
(7e-05 3.6e-05 0)
(8e-05 3.6e-05 0)
(5e-05 4e-05 0)
(6e-05 4e-05 0)
(7e-05 4e-05 0)
(8e-05 4e-05 0)
(5e-05 0 1.6e-06)
(6e-05 0 1.6e-06)
(7e-05 0 1.6e-06)
(8e-05 0 1.6e-06)
(5e-05 4e-06 1.6e-06)
(6e-05 4e-06 1.6e-06)
(7e-05 4e-06 1.6e-06)
(8e-05 4e-06 1.6e-06)
(5e-05 8e-06 1.6e-06)
(6e-05 8e-06 1.6e-06)
(7e-05 8e-06 1.6e-06)
(8e-05 8e-06 1.6e-06)
(5e-05 1.2e-05 1.6e-06)
(6e-05 1.2e-05 1.6e-06)
(7e-05 1.2e-05 1.6e-06)
(8e-05 1.2e-05 1.6e-06)
(5e-05 1.6e-05 1.6e-06)
(6e-05 1.6e-05 1.6e-06)
(7e-05 1.6e-05 1.6e-06)
(8e-05 1.6e-05 1.6e-06)
(5e-05 2e-05 1.6e-06)
(6e-05 2e-05 1.6e-06)
(7e-05 2e-05 1.6e-06)
(8e-05 2e-05 1.6e-06)
(5e-05 2.4e-05 1.6e-06)
(6e-05 2.4e-05 1.6e-06)
(7e-05 2.4e-05 1.6e-06)
(8e-05 2.4e-05 1.6e-06)
(5e-05 2.8e-05 1.6e-06)
(6e-05 2.8e-05 1.6e-06)
(7e-05 2.8e-05 1.6e-06)
(8e-05 2.8e-05 1.6e-06)
(5e-05 3.2e-05 1.6e-06)
(6e-05 3.2e-05 1.6e-06)
(7e-05 3.2e-05 1.6e-06)
(8e-05 3.2e-05 1.6e-06)
(5e-05 3.6e-05 1.6e-06)
(6e-05 3.6e-05 1.6e-06)
(7e-05 3.6e-05 1.6e-06)
(8e-05 3.6e-05 1.6e-06)
(5e-05 4e-05 1.6e-06)
(6e-05 4e-05 1.6e-06)
(7e-05 4e-05 1.6e-06)
(8e-05 4e-05 1.6e-06)
(5e-05 0 3.2e-06)
(6e-05 0 3.2e-06)
(7e-05 0 3.2e-06)
(5e-05 4e-06 3.2e-06)
(6e-05 4e-06 3.2e-06)
(7e-05 4e-06 3.2e-06)
(8e-05 4e-06 3.2e-06)
(5e-05 8e-06 3.2e-06)
(6e-05 8e-06 3.2e-06)
(7e-05 8e-06 3.2e-06)
(8e-05 8e-06 3.2e-06)
(5e-05 1.2e-05 3.2e-06)
(6e-05 1.2e-05 3.2e-06)
(7e-05 1.2e-05 3.2e-06)
(8e-05 1.2e-05 3.2e-06)
(5e-05 1.6e-05 3.2e-06)
(6e-05 1.6e-05 3.2e-06)
(7e-05 1.6e-05 3.2e-06)
(8e-05 1.6e-05 3.2e-06)
(5e-05 2e-05 3.2e-06)
(6e-05 2e-05 3.2e-06)
(7e-05 2e-05 3.2e-06)
(8e-05 2e-05 3.2e-06)
(5e-05 2.4e-05 3.2e-06)
(6e-05 2.4e-05 3.2e-06)
(7e-05 2.4e-05 3.2e-06)
(8e-05 2.4e-05 3.2e-06)
(5e-05 2.8e-05 3.2e-06)
(6e-05 2.8e-05 3.2e-06)
(7e-05 2.8e-05 3.2e-06)
(8e-05 2.8e-05 3.2e-06)
(5e-05 3.2e-05 3.2e-06)
(6e-05 3.2e-05 3.2e-06)
(7e-05 3.2e-05 3.2e-06)
(8e-05 3.2e-05 3.2e-06)
(5e-05 3.6e-05 3.2e-06)
(6e-05 3.6e-05 3.2e-06)
(7e-05 3.6e-05 3.2e-06)
(8e-05 3.6e-05 3.2e-06)
(5e-05 4e-05 3.2e-06)
(6e-05 4e-05 3.2e-06)
(7e-05 4e-05 3.2e-06)
(8e-05 4e-05 3.2e-06)
(5e-05 0 4.8e-06)
(6e-05 0 4.8e-06)
(7e-05 0 4.8e-06)
(5e-05 4e-06 4.8e-06)
(6e-05 4e-06 4.8e-06)
(7e-05 4e-06 4.8e-06)
(8e-05 4e-06 4.8e-06)
(5e-05 8e-06 4.8e-06)
(6e-05 8e-06 4.8e-06)
(7e-05 8e-06 4.8e-06)
(8e-05 8e-06 4.8e-06)
(5e-05 1.2e-05 4.8e-06)
(6e-05 1.2e-05 4.8e-06)
(7e-05 1.2e-05 4.8e-06)
(8e-05 1.2e-05 4.8e-06)
(5e-05 1.6e-05 4.8e-06)
(6e-05 1.6e-05 4.8e-06)
(7e-05 1.6e-05 4.8e-06)
(8e-05 1.6e-05 4.8e-06)
(5e-05 2e-05 4.8e-06)
(6e-05 2e-05 4.8e-06)
(7e-05 2e-05 4.8e-06)
(8e-05 2e-05 4.8e-06)
(5e-05 2.4e-05 4.8e-06)
(6e-05 2.4e-05 4.8e-06)
(7e-05 2.4e-05 4.8e-06)
(8e-05 2.4e-05 4.8e-06)
(5e-05 2.8e-05 4.8e-06)
(6e-05 2.8e-05 4.8e-06)
(7e-05 2.8e-05 4.8e-06)
(8e-05 2.8e-05 4.8e-06)
(5e-05 3.2e-05 4.8e-06)
(6e-05 3.2e-05 4.8e-06)
(7e-05 3.2e-05 4.8e-06)
(8e-05 3.2e-05 4.8e-06)
(5e-05 3.6e-05 4.8e-06)
(6e-05 3.6e-05 4.8e-06)
(7e-05 3.6e-05 4.8e-06)
(8e-05 3.6e-05 4.8e-06)
(5e-05 4e-05 4.8e-06)
(6e-05 4e-05 4.8e-06)
(7e-05 4e-05 4.8e-06)
(8e-05 4e-05 4.8e-06)
(5e-05 0 6.4e-06)
(6e-05 0 6.4e-06)
(7e-05 0 6.4e-06)
(5e-05 4e-06 6.4e-06)
(6e-05 4e-06 6.4e-06)
(7e-05 4e-06 6.4e-06)
(8e-05 4e-06 6.4e-06)
(5e-05 8e-06 6.4e-06)
(6e-05 8e-06 6.4e-06)
(7e-05 8e-06 6.4e-06)
(8e-05 8e-06 6.4e-06)
(5e-05 1.2e-05 6.4e-06)
(6e-05 1.2e-05 6.4e-06)
(7e-05 1.2e-05 6.4e-06)
(8e-05 1.2e-05 6.4e-06)
(5e-05 1.6e-05 6.4e-06)
(6e-05 1.6e-05 6.4e-06)
(7e-05 1.6e-05 6.4e-06)
(8e-05 1.6e-05 6.4e-06)
(5e-05 2e-05 6.4e-06)
(6e-05 2e-05 6.4e-06)
(7e-05 2e-05 6.4e-06)
(8e-05 2e-05 6.4e-06)
(5e-05 2.4e-05 6.4e-06)
(6e-05 2.4e-05 6.4e-06)
(7e-05 2.4e-05 6.4e-06)
(8e-05 2.4e-05 6.4e-06)
(5e-05 2.8e-05 6.4e-06)
(6e-05 2.8e-05 6.4e-06)
(7e-05 2.8e-05 6.4e-06)
(8e-05 2.8e-05 6.4e-06)
(5e-05 3.2e-05 6.4e-06)
(6e-05 3.2e-05 6.4e-06)
(7e-05 3.2e-05 6.4e-06)
(8e-05 3.2e-05 6.4e-06)
(5e-05 3.6e-05 6.4e-06)
(6e-05 3.6e-05 6.4e-06)
(7e-05 3.6e-05 6.4e-06)
(8e-05 3.6e-05 6.4e-06)
(5e-05 4e-05 6.4e-06)
(6e-05 4e-05 6.4e-06)
(7e-05 4e-05 6.4e-06)
(8e-05 4e-05 6.4e-06)
(5e-05 0 8e-06)
(6e-05 0 8e-06)
(7e-05 0 8e-06)
(5e-05 4e-06 8e-06)
(6e-05 4e-06 8e-06)
(7e-05 4e-06 8e-06)
(5e-05 8e-06 8e-06)
(6e-05 8e-06 8e-06)
(7e-05 8e-06 8e-06)
(8e-05 8e-06 8e-06)
(5e-05 1.2e-05 8e-06)
(6e-05 1.2e-05 8e-06)
(7e-05 1.2e-05 8e-06)
(8e-05 1.2e-05 8e-06)
(5e-05 1.6e-05 8e-06)
(6e-05 1.6e-05 8e-06)
(7e-05 1.6e-05 8e-06)
(8e-05 1.6e-05 8e-06)
(5e-05 2e-05 8e-06)
(6e-05 2e-05 8e-06)
(7e-05 2e-05 8e-06)
(8e-05 2e-05 8e-06)
(5e-05 2.4e-05 8e-06)
(6e-05 2.4e-05 8e-06)
(7e-05 2.4e-05 8e-06)
(8e-05 2.4e-05 8e-06)
(5e-05 2.8e-05 8e-06)
(6e-05 2.8e-05 8e-06)
(7e-05 2.8e-05 8e-06)
(8e-05 2.8e-05 8e-06)
(5e-05 3.2e-05 8e-06)
(6e-05 3.2e-05 8e-06)
(7e-05 3.2e-05 8e-06)
(8e-05 3.2e-05 8e-06)
(5e-05 3.6e-05 8e-06)
(6e-05 3.6e-05 8e-06)
(7e-05 3.6e-05 8e-06)
(8e-05 3.6e-05 8e-06)
(5e-05 4e-05 8e-06)
(6e-05 4e-05 8e-06)
(7e-05 4e-05 8e-06)
(8e-05 4e-05 8e-06)
(5e-05 0 9.6e-06)
(6e-05 0 9.6e-06)
(7e-05 0 9.6e-06)
(5e-05 4e-06 9.6e-06)
(6e-05 4e-06 9.6e-06)
(7e-05 4e-06 9.6e-06)
(5e-05 8e-06 9.6e-06)
(6e-05 8e-06 9.6e-06)
(7e-05 8e-06 9.6e-06)
(8e-05 8e-06 9.6e-06)
(5e-05 1.2e-05 9.6e-06)
(6e-05 1.2e-05 9.6e-06)
(7e-05 1.2e-05 9.6e-06)
(8e-05 1.2e-05 9.6e-06)
(5e-05 1.6e-05 9.6e-06)
(6e-05 1.6e-05 9.6e-06)
(7e-05 1.6e-05 9.6e-06)
(8e-05 1.6e-05 9.6e-06)
(5e-05 2e-05 9.6e-06)
(6e-05 2e-05 9.6e-06)
(7e-05 2e-05 9.6e-06)
(8e-05 2e-05 9.6e-06)
(5e-05 2.4e-05 9.6e-06)
(6e-05 2.4e-05 9.6e-06)
(7e-05 2.4e-05 9.6e-06)
(8e-05 2.4e-05 9.6e-06)
(5e-05 2.8e-05 9.6e-06)
(6e-05 2.8e-05 9.6e-06)
(7e-05 2.8e-05 9.6e-06)
(8e-05 2.8e-05 9.6e-06)
(5e-05 3.2e-05 9.6e-06)
(6e-05 3.2e-05 9.6e-06)
(7e-05 3.2e-05 9.6e-06)
(8e-05 3.2e-05 9.6e-06)
(5e-05 3.6e-05 9.6e-06)
(6e-05 3.6e-05 9.6e-06)
(7e-05 3.6e-05 9.6e-06)
(8e-05 3.6e-05 9.6e-06)
(5e-05 4e-05 9.6e-06)
(6e-05 4e-05 9.6e-06)
(7e-05 4e-05 9.6e-06)
(8e-05 4e-05 9.6e-06)
(5e-05 0 1.12e-05)
(6e-05 0 1.12e-05)
(7e-05 0 1.12e-05)
(5e-05 4e-06 1.12e-05)
(6e-05 4e-06 1.12e-05)
(7e-05 4e-06 1.12e-05)
(5e-05 8e-06 1.12e-05)
(6e-05 8e-06 1.12e-05)
(7e-05 8e-06 1.12e-05)
(5e-05 1.2e-05 1.12e-05)
(6e-05 1.2e-05 1.12e-05)
(7e-05 1.2e-05 1.12e-05)
(8e-05 1.2e-05 1.12e-05)
(5e-05 1.6e-05 1.12e-05)
(6e-05 1.6e-05 1.12e-05)
(7e-05 1.6e-05 1.12e-05)
(8e-05 1.6e-05 1.12e-05)
(5e-05 2e-05 1.12e-05)
(6e-05 2e-05 1.12e-05)
(7e-05 2e-05 1.12e-05)
(8e-05 2e-05 1.12e-05)
(5e-05 2.4e-05 1.12e-05)
(6e-05 2.4e-05 1.12e-05)
(7e-05 2.4e-05 1.12e-05)
(8e-05 2.4e-05 1.12e-05)
(5e-05 2.8e-05 1.12e-05)
(6e-05 2.8e-05 1.12e-05)
(7e-05 2.8e-05 1.12e-05)
(8e-05 2.8e-05 1.12e-05)
(5e-05 3.2e-05 1.12e-05)
(6e-05 3.2e-05 1.12e-05)
(7e-05 3.2e-05 1.12e-05)
(8e-05 3.2e-05 1.12e-05)
(5e-05 3.6e-05 1.12e-05)
(6e-05 3.6e-05 1.12e-05)
(7e-05 3.6e-05 1.12e-05)
(8e-05 3.6e-05 1.12e-05)
(5e-05 4e-05 1.12e-05)
(6e-05 4e-05 1.12e-05)
(7e-05 4e-05 1.12e-05)
(8e-05 4e-05 1.12e-05)
(5e-05 0 1.28e-05)
(6e-05 0 1.28e-05)
(7e-05 0 1.28e-05)
(5e-05 4e-06 1.28e-05)
(6e-05 4e-06 1.28e-05)
(7e-05 4e-06 1.28e-05)
(5e-05 8e-06 1.28e-05)
(6e-05 8e-06 1.28e-05)
(7e-05 8e-06 1.28e-05)
(5e-05 1.2e-05 1.28e-05)
(6e-05 1.2e-05 1.28e-05)
(7e-05 1.2e-05 1.28e-05)
(8e-05 1.2e-05 1.28e-05)
(5e-05 1.6e-05 1.28e-05)
(6e-05 1.6e-05 1.28e-05)
(7e-05 1.6e-05 1.28e-05)
(8e-05 1.6e-05 1.28e-05)
(5e-05 2e-05 1.28e-05)
(6e-05 2e-05 1.28e-05)
(7e-05 2e-05 1.28e-05)
(8e-05 2e-05 1.28e-05)
(5e-05 2.4e-05 1.28e-05)
(6e-05 2.4e-05 1.28e-05)
(7e-05 2.4e-05 1.28e-05)
(8e-05 2.4e-05 1.28e-05)
(5e-05 2.8e-05 1.28e-05)
(6e-05 2.8e-05 1.28e-05)
(7e-05 2.8e-05 1.28e-05)
(8e-05 2.8e-05 1.28e-05)
(5e-05 3.2e-05 1.28e-05)
(6e-05 3.2e-05 1.28e-05)
(7e-05 3.2e-05 1.28e-05)
(8e-05 3.2e-05 1.28e-05)
(5e-05 3.6e-05 1.28e-05)
(6e-05 3.6e-05 1.28e-05)
(7e-05 3.6e-05 1.28e-05)
(8e-05 3.6e-05 1.28e-05)
(5e-05 4e-05 1.28e-05)
(6e-05 4e-05 1.28e-05)
(7e-05 4e-05 1.28e-05)
(8e-05 4e-05 1.28e-05)
(5e-05 0 1.44e-05)
(6e-05 0 1.44e-05)
(7e-05 0 1.44e-05)
(5e-05 4e-06 1.44e-05)
(6e-05 4e-06 1.44e-05)
(7e-05 4e-06 1.44e-05)
(5e-05 8e-06 1.44e-05)
(6e-05 8e-06 1.44e-05)
(7e-05 8e-06 1.44e-05)
(5e-05 1.2e-05 1.44e-05)
(6e-05 1.2e-05 1.44e-05)
(7e-05 1.2e-05 1.44e-05)
(8e-05 1.2e-05 1.44e-05)
(5e-05 1.6e-05 1.44e-05)
(6e-05 1.6e-05 1.44e-05)
(7e-05 1.6e-05 1.44e-05)
(8e-05 1.6e-05 1.44e-05)
(5e-05 2e-05 1.44e-05)
(6e-05 2e-05 1.44e-05)
(7e-05 2e-05 1.44e-05)
(8e-05 2e-05 1.44e-05)
(5e-05 2.4e-05 1.44e-05)
(6e-05 2.4e-05 1.44e-05)
(7e-05 2.4e-05 1.44e-05)
(8e-05 2.4e-05 1.44e-05)
(5e-05 2.8e-05 1.44e-05)
(6e-05 2.8e-05 1.44e-05)
(7e-05 2.8e-05 1.44e-05)
(8e-05 2.8e-05 1.44e-05)
(5e-05 3.2e-05 1.44e-05)
(6e-05 3.2e-05 1.44e-05)
(7e-05 3.2e-05 1.44e-05)
(8e-05 3.2e-05 1.44e-05)
(5e-05 3.6e-05 1.44e-05)
(6e-05 3.6e-05 1.44e-05)
(7e-05 3.6e-05 1.44e-05)
(8e-05 3.6e-05 1.44e-05)
(5e-05 4e-05 1.44e-05)
(6e-05 4e-05 1.44e-05)
(7e-05 4e-05 1.44e-05)
(8e-05 4e-05 1.44e-05)
(5e-05 0 1.6e-05)
(6e-05 0 1.6e-05)
(7e-05 0 1.6e-05)
(5e-05 4e-06 1.6e-05)
(6e-05 4e-06 1.6e-05)
(7e-05 4e-06 1.6e-05)
(5e-05 8e-06 1.6e-05)
(6e-05 8e-06 1.6e-05)
(7e-05 8e-06 1.6e-05)
(5e-05 1.2e-05 1.6e-05)
(6e-05 1.2e-05 1.6e-05)
(7e-05 1.2e-05 1.6e-05)
(5e-05 1.6e-05 1.6e-05)
(6e-05 1.6e-05 1.6e-05)
(7e-05 1.6e-05 1.6e-05)
(8e-05 1.6e-05 1.6e-05)
(5e-05 2e-05 1.6e-05)
(6e-05 2e-05 1.6e-05)
(7e-05 2e-05 1.6e-05)
(8e-05 2e-05 1.6e-05)
(5e-05 2.4e-05 1.6e-05)
(6e-05 2.4e-05 1.6e-05)
(7e-05 2.4e-05 1.6e-05)
(8e-05 2.4e-05 1.6e-05)
(5e-05 2.8e-05 1.6e-05)
(6e-05 2.8e-05 1.6e-05)
(7e-05 2.8e-05 1.6e-05)
(8e-05 2.8e-05 1.6e-05)
(5e-05 3.2e-05 1.6e-05)
(6e-05 3.2e-05 1.6e-05)
(7e-05 3.2e-05 1.6e-05)
(8e-05 3.2e-05 1.6e-05)
(5e-05 3.6e-05 1.6e-05)
(6e-05 3.6e-05 1.6e-05)
(7e-05 3.6e-05 1.6e-05)
(8e-05 3.6e-05 1.6e-05)
(5e-05 4e-05 1.6e-05)
(6e-05 4e-05 1.6e-05)
(7e-05 4e-05 1.6e-05)
(8e-05 4e-05 1.6e-05)
(5e-05 0 1.76e-05)
(6e-05 0 1.76e-05)
(7e-05 0 1.76e-05)
(5e-05 4e-06 1.76e-05)
(6e-05 4e-06 1.76e-05)
(7e-05 4e-06 1.76e-05)
(5e-05 8e-06 1.76e-05)
(6e-05 8e-06 1.76e-05)
(7e-05 8e-06 1.76e-05)
(5e-05 1.2e-05 1.76e-05)
(6e-05 1.2e-05 1.76e-05)
(7e-05 1.2e-05 1.76e-05)
(5e-05 1.6e-05 1.76e-05)
(6e-05 1.6e-05 1.76e-05)
(7e-05 1.6e-05 1.76e-05)
(8e-05 1.6e-05 1.76e-05)
(5e-05 2e-05 1.76e-05)
(6e-05 2e-05 1.76e-05)
(7e-05 2e-05 1.76e-05)
(8e-05 2e-05 1.76e-05)
(5e-05 2.4e-05 1.76e-05)
(6e-05 2.4e-05 1.76e-05)
(7e-05 2.4e-05 1.76e-05)
(8e-05 2.4e-05 1.76e-05)
(5e-05 2.8e-05 1.76e-05)
(6e-05 2.8e-05 1.76e-05)
(7e-05 2.8e-05 1.76e-05)
(8e-05 2.8e-05 1.76e-05)
(5e-05 3.2e-05 1.76e-05)
(6e-05 3.2e-05 1.76e-05)
(7e-05 3.2e-05 1.76e-05)
(8e-05 3.2e-05 1.76e-05)
(5e-05 3.6e-05 1.76e-05)
(6e-05 3.6e-05 1.76e-05)
(7e-05 3.6e-05 1.76e-05)
(8e-05 3.6e-05 1.76e-05)
(5e-05 4e-05 1.76e-05)
(6e-05 4e-05 1.76e-05)
(7e-05 4e-05 1.76e-05)
(8e-05 4e-05 1.76e-05)
(5e-05 0 1.92e-05)
(6e-05 0 1.92e-05)
(7e-05 0 1.92e-05)
(5e-05 4e-06 1.92e-05)
(6e-05 4e-06 1.92e-05)
(7e-05 4e-06 1.92e-05)
(5e-05 8e-06 1.92e-05)
(6e-05 8e-06 1.92e-05)
(7e-05 8e-06 1.92e-05)
(5e-05 1.2e-05 1.92e-05)
(6e-05 1.2e-05 1.92e-05)
(7e-05 1.2e-05 1.92e-05)
(5e-05 1.6e-05 1.92e-05)
(6e-05 1.6e-05 1.92e-05)
(7e-05 1.6e-05 1.92e-05)
(5e-05 2e-05 1.92e-05)
(6e-05 2e-05 1.92e-05)
(7e-05 2e-05 1.92e-05)
(8e-05 2e-05 1.92e-05)
(5e-05 2.4e-05 1.92e-05)
(6e-05 2.4e-05 1.92e-05)
(7e-05 2.4e-05 1.92e-05)
(8e-05 2.4e-05 1.92e-05)
(5e-05 2.8e-05 1.92e-05)
(6e-05 2.8e-05 1.92e-05)
(7e-05 2.8e-05 1.92e-05)
(8e-05 2.8e-05 1.92e-05)
(5e-05 3.2e-05 1.92e-05)
(6e-05 3.2e-05 1.92e-05)
(7e-05 3.2e-05 1.92e-05)
(8e-05 3.2e-05 1.92e-05)
(5e-05 3.6e-05 1.92e-05)
(6e-05 3.6e-05 1.92e-05)
(7e-05 3.6e-05 1.92e-05)
(8e-05 3.6e-05 1.92e-05)
(5e-05 4e-05 1.92e-05)
(6e-05 4e-05 1.92e-05)
(7e-05 4e-05 1.92e-05)
(8e-05 4e-05 1.92e-05)
(5e-05 0 2.08e-05)
(6e-05 0 2.08e-05)
(7e-05 0 2.08e-05)
(5e-05 4e-06 2.08e-05)
(6e-05 4e-06 2.08e-05)
(7e-05 4e-06 2.08e-05)
(5e-05 8e-06 2.08e-05)
(6e-05 8e-06 2.08e-05)
(7e-05 8e-06 2.08e-05)
(5e-05 1.2e-05 2.08e-05)
(6e-05 1.2e-05 2.08e-05)
(7e-05 1.2e-05 2.08e-05)
(5e-05 1.6e-05 2.08e-05)
(6e-05 1.6e-05 2.08e-05)
(7e-05 1.6e-05 2.08e-05)
(5e-05 2e-05 2.08e-05)
(6e-05 2e-05 2.08e-05)
(7e-05 2e-05 2.08e-05)
(8e-05 2e-05 2.08e-05)
(5e-05 2.4e-05 2.08e-05)
(6e-05 2.4e-05 2.08e-05)
(7e-05 2.4e-05 2.08e-05)
(8e-05 2.4e-05 2.08e-05)
(5e-05 2.8e-05 2.08e-05)
(6e-05 2.8e-05 2.08e-05)
(7e-05 2.8e-05 2.08e-05)
(8e-05 2.8e-05 2.08e-05)
(5e-05 3.2e-05 2.08e-05)
(6e-05 3.2e-05 2.08e-05)
(7e-05 3.2e-05 2.08e-05)
(8e-05 3.2e-05 2.08e-05)
(5e-05 3.6e-05 2.08e-05)
(6e-05 3.6e-05 2.08e-05)
(7e-05 3.6e-05 2.08e-05)
(8e-05 3.6e-05 2.08e-05)
(5e-05 4e-05 2.08e-05)
(6e-05 4e-05 2.08e-05)
(7e-05 4e-05 2.08e-05)
(8e-05 4e-05 2.08e-05)
(5e-05 0 2.24e-05)
(6e-05 0 2.24e-05)
(7e-05 0 2.24e-05)
(5e-05 4e-06 2.24e-05)
(6e-05 4e-06 2.24e-05)
(7e-05 4e-06 2.24e-05)
(5e-05 8e-06 2.24e-05)
(6e-05 8e-06 2.24e-05)
(7e-05 8e-06 2.24e-05)
(5e-05 1.2e-05 2.24e-05)
(6e-05 1.2e-05 2.24e-05)
(7e-05 1.2e-05 2.24e-05)
(5e-05 1.6e-05 2.24e-05)
(6e-05 1.6e-05 2.24e-05)
(7e-05 1.6e-05 2.24e-05)
(5e-05 2e-05 2.24e-05)
(6e-05 2e-05 2.24e-05)
(7e-05 2e-05 2.24e-05)
(8e-05 2e-05 2.24e-05)
(5e-05 2.4e-05 2.24e-05)
(6e-05 2.4e-05 2.24e-05)
(7e-05 2.4e-05 2.24e-05)
(8e-05 2.4e-05 2.24e-05)
(5e-05 2.8e-05 2.24e-05)
(6e-05 2.8e-05 2.24e-05)
(7e-05 2.8e-05 2.24e-05)
(8e-05 2.8e-05 2.24e-05)
(5e-05 3.2e-05 2.24e-05)
(6e-05 3.2e-05 2.24e-05)
(7e-05 3.2e-05 2.24e-05)
(8e-05 3.2e-05 2.24e-05)
(5e-05 3.6e-05 2.24e-05)
(6e-05 3.6e-05 2.24e-05)
(7e-05 3.6e-05 2.24e-05)
(8e-05 3.6e-05 2.24e-05)
(5e-05 4e-05 2.24e-05)
(6e-05 4e-05 2.24e-05)
(7e-05 4e-05 2.24e-05)
(8e-05 4e-05 2.24e-05)
(5e-05 0 2.4e-05)
(6e-05 0 2.4e-05)
(7e-05 0 2.4e-05)
(5e-05 4e-06 2.4e-05)
(6e-05 4e-06 2.4e-05)
(7e-05 4e-06 2.4e-05)
(5e-05 8e-06 2.4e-05)
(6e-05 8e-06 2.4e-05)
(7e-05 8e-06 2.4e-05)
(5e-05 1.2e-05 2.4e-05)
(6e-05 1.2e-05 2.4e-05)
(7e-05 1.2e-05 2.4e-05)
(5e-05 1.6e-05 2.4e-05)
(6e-05 1.6e-05 2.4e-05)
(7e-05 1.6e-05 2.4e-05)
(5e-05 2e-05 2.4e-05)
(6e-05 2e-05 2.4e-05)
(7e-05 2e-05 2.4e-05)
(5e-05 2.4e-05 2.4e-05)
(6e-05 2.4e-05 2.4e-05)
(7e-05 2.4e-05 2.4e-05)
(8e-05 2.4e-05 2.4e-05)
(5e-05 2.8e-05 2.4e-05)
(6e-05 2.8e-05 2.4e-05)
(7e-05 2.8e-05 2.4e-05)
(8e-05 2.8e-05 2.4e-05)
(5e-05 3.2e-05 2.4e-05)
(6e-05 3.2e-05 2.4e-05)
(7e-05 3.2e-05 2.4e-05)
(8e-05 3.2e-05 2.4e-05)
(5e-05 3.6e-05 2.4e-05)
(6e-05 3.6e-05 2.4e-05)
(7e-05 3.6e-05 2.4e-05)
(8e-05 3.6e-05 2.4e-05)
(5e-05 4e-05 2.4e-05)
(6e-05 4e-05 2.4e-05)
(7e-05 4e-05 2.4e-05)
(8e-05 4e-05 2.4e-05)
(5e-05 0 2.56e-05)
(6e-05 0 2.56e-05)
(7e-05 0 2.56e-05)
(5e-05 4e-06 2.56e-05)
(6e-05 4e-06 2.56e-05)
(7e-05 4e-06 2.56e-05)
(5e-05 8e-06 2.56e-05)
(6e-05 8e-06 2.56e-05)
(7e-05 8e-06 2.56e-05)
(5e-05 1.2e-05 2.56e-05)
(6e-05 1.2e-05 2.56e-05)
(7e-05 1.2e-05 2.56e-05)
(5e-05 1.6e-05 2.56e-05)
(6e-05 1.6e-05 2.56e-05)
(7e-05 1.6e-05 2.56e-05)
(5e-05 2e-05 2.56e-05)
(6e-05 2e-05 2.56e-05)
(7e-05 2e-05 2.56e-05)
(5e-05 2.4e-05 2.56e-05)
(6e-05 2.4e-05 2.56e-05)
(7e-05 2.4e-05 2.56e-05)
(8e-05 2.4e-05 2.56e-05)
(5e-05 2.8e-05 2.56e-05)
(6e-05 2.8e-05 2.56e-05)
(7e-05 2.8e-05 2.56e-05)
(8e-05 2.8e-05 2.56e-05)
(5e-05 3.2e-05 2.56e-05)
(6e-05 3.2e-05 2.56e-05)
(7e-05 3.2e-05 2.56e-05)
(8e-05 3.2e-05 2.56e-05)
(5e-05 3.6e-05 2.56e-05)
(6e-05 3.6e-05 2.56e-05)
(7e-05 3.6e-05 2.56e-05)
(8e-05 3.6e-05 2.56e-05)
(5e-05 4e-05 2.56e-05)
(6e-05 4e-05 2.56e-05)
(7e-05 4e-05 2.56e-05)
(8e-05 4e-05 2.56e-05)
(5e-05 0 2.72e-05)
(6e-05 0 2.72e-05)
(7e-05 0 2.72e-05)
(5e-05 4e-06 2.72e-05)
(6e-05 4e-06 2.72e-05)
(7e-05 4e-06 2.72e-05)
(5e-05 8e-06 2.72e-05)
(6e-05 8e-06 2.72e-05)
(7e-05 8e-06 2.72e-05)
(5e-05 1.2e-05 2.72e-05)
(6e-05 1.2e-05 2.72e-05)
(7e-05 1.2e-05 2.72e-05)
(5e-05 1.6e-05 2.72e-05)
(6e-05 1.6e-05 2.72e-05)
(7e-05 1.6e-05 2.72e-05)
(5e-05 2e-05 2.72e-05)
(6e-05 2e-05 2.72e-05)
(7e-05 2e-05 2.72e-05)
(5e-05 2.4e-05 2.72e-05)
(6e-05 2.4e-05 2.72e-05)
(7e-05 2.4e-05 2.72e-05)
(5e-05 2.8e-05 2.72e-05)
(6e-05 2.8e-05 2.72e-05)
(7e-05 2.8e-05 2.72e-05)
(8e-05 2.8e-05 2.72e-05)
(5e-05 3.2e-05 2.72e-05)
(6e-05 3.2e-05 2.72e-05)
(7e-05 3.2e-05 2.72e-05)
(8e-05 3.2e-05 2.72e-05)
(5e-05 3.6e-05 2.72e-05)
(6e-05 3.6e-05 2.72e-05)
(7e-05 3.6e-05 2.72e-05)
(8e-05 3.6e-05 2.72e-05)
(5e-05 4e-05 2.72e-05)
(6e-05 4e-05 2.72e-05)
(7e-05 4e-05 2.72e-05)
(8e-05 4e-05 2.72e-05)
(5e-05 0 2.88e-05)
(6e-05 0 2.88e-05)
(7e-05 0 2.88e-05)
(5e-05 4e-06 2.88e-05)
(6e-05 4e-06 2.88e-05)
(7e-05 4e-06 2.88e-05)
(5e-05 8e-06 2.88e-05)
(6e-05 8e-06 2.88e-05)
(7e-05 8e-06 2.88e-05)
(5e-05 1.2e-05 2.88e-05)
(6e-05 1.2e-05 2.88e-05)
(7e-05 1.2e-05 2.88e-05)
(5e-05 1.6e-05 2.88e-05)
(6e-05 1.6e-05 2.88e-05)
(7e-05 1.6e-05 2.88e-05)
(5e-05 2e-05 2.88e-05)
(6e-05 2e-05 2.88e-05)
(7e-05 2e-05 2.88e-05)
(5e-05 2.4e-05 2.88e-05)
(6e-05 2.4e-05 2.88e-05)
(7e-05 2.4e-05 2.88e-05)
(5e-05 2.8e-05 2.88e-05)
(6e-05 2.8e-05 2.88e-05)
(7e-05 2.8e-05 2.88e-05)
(8e-05 2.8e-05 2.88e-05)
(5e-05 3.2e-05 2.88e-05)
(6e-05 3.2e-05 2.88e-05)
(7e-05 3.2e-05 2.88e-05)
(8e-05 3.2e-05 2.88e-05)
(5e-05 3.6e-05 2.88e-05)
(6e-05 3.6e-05 2.88e-05)
(7e-05 3.6e-05 2.88e-05)
(8e-05 3.6e-05 2.88e-05)
(5e-05 4e-05 2.88e-05)
(6e-05 4e-05 2.88e-05)
(7e-05 4e-05 2.88e-05)
(8e-05 4e-05 2.88e-05)
(5e-05 0 3.04e-05)
(6e-05 0 3.04e-05)
(7e-05 0 3.04e-05)
(5e-05 4e-06 3.04e-05)
(6e-05 4e-06 3.04e-05)
(7e-05 4e-06 3.04e-05)
(5e-05 8e-06 3.04e-05)
(6e-05 8e-06 3.04e-05)
(7e-05 8e-06 3.04e-05)
(5e-05 1.2e-05 3.04e-05)
(6e-05 1.2e-05 3.04e-05)
(7e-05 1.2e-05 3.04e-05)
(5e-05 1.6e-05 3.04e-05)
(6e-05 1.6e-05 3.04e-05)
(7e-05 1.6e-05 3.04e-05)
(5e-05 2e-05 3.04e-05)
(6e-05 2e-05 3.04e-05)
(7e-05 2e-05 3.04e-05)
(5e-05 2.4e-05 3.04e-05)
(6e-05 2.4e-05 3.04e-05)
(7e-05 2.4e-05 3.04e-05)
(5e-05 2.8e-05 3.04e-05)
(6e-05 2.8e-05 3.04e-05)
(7e-05 2.8e-05 3.04e-05)
(8e-05 2.8e-05 3.04e-05)
(5e-05 3.2e-05 3.04e-05)
(6e-05 3.2e-05 3.04e-05)
(7e-05 3.2e-05 3.04e-05)
(8e-05 3.2e-05 3.04e-05)
(5e-05 3.6e-05 3.04e-05)
(6e-05 3.6e-05 3.04e-05)
(7e-05 3.6e-05 3.04e-05)
(8e-05 3.6e-05 3.04e-05)
(5e-05 4e-05 3.04e-05)
(6e-05 4e-05 3.04e-05)
(7e-05 4e-05 3.04e-05)
(8e-05 4e-05 3.04e-05)
(5e-05 0 3.2e-05)
(6e-05 0 3.2e-05)
(7e-05 0 3.2e-05)
(5e-05 4e-06 3.2e-05)
(6e-05 4e-06 3.2e-05)
(7e-05 4e-06 3.2e-05)
(5e-05 8e-06 3.2e-05)
(6e-05 8e-06 3.2e-05)
(7e-05 8e-06 3.2e-05)
(5e-05 1.2e-05 3.2e-05)
(6e-05 1.2e-05 3.2e-05)
(7e-05 1.2e-05 3.2e-05)
(5e-05 1.6e-05 3.2e-05)
(6e-05 1.6e-05 3.2e-05)
(7e-05 1.6e-05 3.2e-05)
(5e-05 2e-05 3.2e-05)
(6e-05 2e-05 3.2e-05)
(7e-05 2e-05 3.2e-05)
(5e-05 2.4e-05 3.2e-05)
(6e-05 2.4e-05 3.2e-05)
(7e-05 2.4e-05 3.2e-05)
(5e-05 2.8e-05 3.2e-05)
(6e-05 2.8e-05 3.2e-05)
(7e-05 2.8e-05 3.2e-05)
(5e-05 3.2e-05 3.2e-05)
(6e-05 3.2e-05 3.2e-05)
(7e-05 3.2e-05 3.2e-05)
(8e-05 3.2e-05 3.2e-05)
(5e-05 3.6e-05 3.2e-05)
(6e-05 3.6e-05 3.2e-05)
(7e-05 3.6e-05 3.2e-05)
(8e-05 3.6e-05 3.2e-05)
(5e-05 4e-05 3.2e-05)
(6e-05 4e-05 3.2e-05)
(7e-05 4e-05 3.2e-05)
(8e-05 4e-05 3.2e-05)
(5e-05 0 3.36e-05)
(6e-05 0 3.36e-05)
(7e-05 0 3.36e-05)
(5e-05 4e-06 3.36e-05)
(6e-05 4e-06 3.36e-05)
(7e-05 4e-06 3.36e-05)
(5e-05 8e-06 3.36e-05)
(6e-05 8e-06 3.36e-05)
(7e-05 8e-06 3.36e-05)
(5e-05 1.2e-05 3.36e-05)
(6e-05 1.2e-05 3.36e-05)
(7e-05 1.2e-05 3.36e-05)
(5e-05 1.6e-05 3.36e-05)
(6e-05 1.6e-05 3.36e-05)
(7e-05 1.6e-05 3.36e-05)
(5e-05 2e-05 3.36e-05)
(6e-05 2e-05 3.36e-05)
(7e-05 2e-05 3.36e-05)
(5e-05 2.4e-05 3.36e-05)
(6e-05 2.4e-05 3.36e-05)
(7e-05 2.4e-05 3.36e-05)
(5e-05 2.8e-05 3.36e-05)
(6e-05 2.8e-05 3.36e-05)
(7e-05 2.8e-05 3.36e-05)
(5e-05 3.2e-05 3.36e-05)
(6e-05 3.2e-05 3.36e-05)
(7e-05 3.2e-05 3.36e-05)
(8e-05 3.2e-05 3.36e-05)
(5e-05 3.6e-05 3.36e-05)
(6e-05 3.6e-05 3.36e-05)
(7e-05 3.6e-05 3.36e-05)
(8e-05 3.6e-05 3.36e-05)
(5e-05 4e-05 3.36e-05)
(6e-05 4e-05 3.36e-05)
(7e-05 4e-05 3.36e-05)
(8e-05 4e-05 3.36e-05)
(5e-05 0 3.52e-05)
(6e-05 0 3.52e-05)
(7e-05 0 3.52e-05)
(5e-05 4e-06 3.52e-05)
(6e-05 4e-06 3.52e-05)
(7e-05 4e-06 3.52e-05)
(5e-05 8e-06 3.52e-05)
(6e-05 8e-06 3.52e-05)
(7e-05 8e-06 3.52e-05)
(5e-05 1.2e-05 3.52e-05)
(6e-05 1.2e-05 3.52e-05)
(7e-05 1.2e-05 3.52e-05)
(5e-05 1.6e-05 3.52e-05)
(6e-05 1.6e-05 3.52e-05)
(7e-05 1.6e-05 3.52e-05)
(5e-05 2e-05 3.52e-05)
(6e-05 2e-05 3.52e-05)
(7e-05 2e-05 3.52e-05)
(5e-05 2.4e-05 3.52e-05)
(6e-05 2.4e-05 3.52e-05)
(7e-05 2.4e-05 3.52e-05)
(5e-05 2.8e-05 3.52e-05)
(6e-05 2.8e-05 3.52e-05)
(7e-05 2.8e-05 3.52e-05)
(5e-05 3.2e-05 3.52e-05)
(6e-05 3.2e-05 3.52e-05)
(7e-05 3.2e-05 3.52e-05)
(5e-05 3.6e-05 3.52e-05)
(6e-05 3.6e-05 3.52e-05)
(7e-05 3.6e-05 3.52e-05)
(8e-05 3.6e-05 3.52e-05)
(5e-05 4e-05 3.52e-05)
(6e-05 4e-05 3.52e-05)
(7e-05 4e-05 3.52e-05)
(8e-05 4e-05 3.52e-05)
(5e-05 0 3.68e-05)
(6e-05 0 3.68e-05)
(7e-05 0 3.68e-05)
(5e-05 4e-06 3.68e-05)
(6e-05 4e-06 3.68e-05)
(7e-05 4e-06 3.68e-05)
(5e-05 8e-06 3.68e-05)
(6e-05 8e-06 3.68e-05)
(7e-05 8e-06 3.68e-05)
(5e-05 1.2e-05 3.68e-05)
(6e-05 1.2e-05 3.68e-05)
(7e-05 1.2e-05 3.68e-05)
(5e-05 1.6e-05 3.68e-05)
(6e-05 1.6e-05 3.68e-05)
(7e-05 1.6e-05 3.68e-05)
(5e-05 2e-05 3.68e-05)
(6e-05 2e-05 3.68e-05)
(7e-05 2e-05 3.68e-05)
(5e-05 2.4e-05 3.68e-05)
(6e-05 2.4e-05 3.68e-05)
(7e-05 2.4e-05 3.68e-05)
(5e-05 2.8e-05 3.68e-05)
(6e-05 2.8e-05 3.68e-05)
(7e-05 2.8e-05 3.68e-05)
(5e-05 3.2e-05 3.68e-05)
(6e-05 3.2e-05 3.68e-05)
(7e-05 3.2e-05 3.68e-05)
(5e-05 3.6e-05 3.68e-05)
(6e-05 3.6e-05 3.68e-05)
(7e-05 3.6e-05 3.68e-05)
(8e-05 3.6e-05 3.68e-05)
(5e-05 4e-05 3.68e-05)
(6e-05 4e-05 3.68e-05)
(7e-05 4e-05 3.68e-05)
(8e-05 4e-05 3.68e-05)
(5e-05 0 3.84e-05)
(6e-05 0 3.84e-05)
(7e-05 0 3.84e-05)
(5e-05 4e-06 3.84e-05)
(6e-05 4e-06 3.84e-05)
(7e-05 4e-06 3.84e-05)
(5e-05 8e-06 3.84e-05)
(6e-05 8e-06 3.84e-05)
(7e-05 8e-06 3.84e-05)
(5e-05 1.2e-05 3.84e-05)
(6e-05 1.2e-05 3.84e-05)
(7e-05 1.2e-05 3.84e-05)
(5e-05 1.6e-05 3.84e-05)
(6e-05 1.6e-05 3.84e-05)
(7e-05 1.6e-05 3.84e-05)
(5e-05 2e-05 3.84e-05)
(6e-05 2e-05 3.84e-05)
(7e-05 2e-05 3.84e-05)
(5e-05 2.4e-05 3.84e-05)
(6e-05 2.4e-05 3.84e-05)
(7e-05 2.4e-05 3.84e-05)
(5e-05 2.8e-05 3.84e-05)
(6e-05 2.8e-05 3.84e-05)
(7e-05 2.8e-05 3.84e-05)
(5e-05 3.2e-05 3.84e-05)
(6e-05 3.2e-05 3.84e-05)
(7e-05 3.2e-05 3.84e-05)
(5e-05 3.6e-05 3.84e-05)
(6e-05 3.6e-05 3.84e-05)
(7e-05 3.6e-05 3.84e-05)
(8e-05 3.6e-05 3.84e-05)
(5e-05 4e-05 3.84e-05)
(6e-05 4e-05 3.84e-05)
(7e-05 4e-05 3.84e-05)
(8e-05 4e-05 3.84e-05)
(5e-05 0 4e-05)
(6e-05 0 4e-05)
(7e-05 0 4e-05)
(5e-05 4e-06 4e-05)
(6e-05 4e-06 4e-05)
(7e-05 4e-06 4e-05)
(5e-05 8e-06 4e-05)
(6e-05 8e-06 4e-05)
(7e-05 8e-06 4e-05)
(5e-05 1.2e-05 4e-05)
(6e-05 1.2e-05 4e-05)
(7e-05 1.2e-05 4e-05)
(5e-05 1.6e-05 4e-05)
(6e-05 1.6e-05 4e-05)
(7e-05 1.6e-05 4e-05)
(5e-05 2e-05 4e-05)
(6e-05 2e-05 4e-05)
(7e-05 2e-05 4e-05)
(5e-05 2.4e-05 4e-05)
(6e-05 2.4e-05 4e-05)
(7e-05 2.4e-05 4e-05)
(5e-05 2.8e-05 4e-05)
(6e-05 2.8e-05 4e-05)
(7e-05 2.8e-05 4e-05)
(5e-05 3.2e-05 4e-05)
(6e-05 3.2e-05 4e-05)
(7e-05 3.2e-05 4e-05)
(5e-05 3.6e-05 4e-05)
(6e-05 3.6e-05 4e-05)
(7e-05 3.6e-05 4e-05)
(5e-05 4e-05 4e-05)
(6e-05 4e-05 4e-05)
(7e-05 4e-05 4e-05)
)


// ************************************************************************* //
