/*--------------------------------*- C++ -*----------------------------------*\
| =========                 |                                                 |
| \\      /  F ield         | OpenFOAM: The Open Source CFD Toolbox           |
|  \\    /   O peration     | Version:  2.4.0                                 |
|   \\  /    A nd           | Web:      www.OpenFOAM.org                      |
|    \\/     M anipulation  |                                                 |
\*---------------------------------------------------------------------------*/
FoamFile
{
    version     2.0;
    format      ascii;
    class       labelList;
    location    "constant/polyMesh";
    object      pointProcAddressing;
}
// * * * * * * * * * * * * * * * * * * * * * * * * * * * * * * * * * * * * * //


1018
(
5
6
7
8
16
17
18
19
27
28
29
30
38
39
40
41
49
50
51
52
60
61
62
63
71
72
73
74
82
83
84
85
93
94
95
96
104
105
106
107
115
116
117
118
126
127
128
129
137
138
139
140
148
149
150
151
159
160
161
162
170
171
172
173
181
182
183
184
192
193
194
195
203
204
205
206
214
215
216
217
225
226
227
228
236
237
238
239
247
248
249
258
259
260
261
269
270
271
272
280
281
282
283
291
292
293
294
302
303
304
305
313
314
315
316
324
325
326
327
335
336
337
338
346
347
348
349
357
358
359
360
368
369
370
379
380
381
382
390
391
392
393
401
402
403
404
412
413
414
415
423
424
425
426
434
435
436
437
445
446
447
448
456
457
458
459
467
468
469
470
478
479
480
481
489
490
491
500
501
502
503
511
512
513
514
522
523
524
525
533
534
535
536
544
545
546
547
555
556
557
558
566
567
568
569
577
578
579
580
588
589
590
591
599
600
601
602
610
611
612
621
622
623
632
633
634
635
643
644
645
646
654
655
656
657
665
666
667
668
676
677
678
679
687
688
689
690
698
699
700
701
709
710
711
712
720
721
722
723
731
732
733
742
743
744
753
754
755
756
764
765
766
767
775
776
777
778
786
787
788
789
797
798
799
800
808
809
810
811
819
820
821
822
830
831
832
833
841
842
843
844
852
853
854
863
864
865
874
875
876
885
886
887
888
896
897
898
899
907
908
909
910
918
919
920
921
929
930
931
932
940
941
942
943
951
952
953
954
962
963
964
965
973
974
975
984
985
986
995
996
997
1006
1007
1008
1009
1017
1018
1019
1020
1028
1029
1030
1031
1039
1040
1041
1042
1050
1051
1052
1053
1061
1062
1063
1064
1072
1073
1074
1075
1083
1084
1085
1086
1094
1095
1096
1105
1106
1107
1116
1117
1118
1127
1128
1129
1130
1138
1139
1140
1141
1149
1150
1151
1152
1160
1161
1162
1163
1171
1172
1173
1174
1182
1183
1184
1185
1193
1194
1195
1196
1204
1205
1206
1207
1215
1216
1217
1226
1227
1228
1237
1238
1239
1248
1249
1250
1259
1260
1261
1262
1270
1271
1272
1273
1281
1282
1283
1284
1292
1293
1294
1295
1303
1304
1305
1306
1314
1315
1316
1317
1325
1326
1327
1328
1336
1337
1338
1347
1348
1349
1358
1359
1360
1369
1370
1371
1380
1381
1382
1383
1391
1392
1393
1394
1402
1403
1404
1405
1413
1414
1415
1416
1424
1425
1426
1427
1435
1436
1437
1438
1446
1447
1448
1449
1457
1458
1459
1468
1469
1470
1479
1480
1481
1490
1491
1492
1501
1502
1503
1512
1513
1514
1515
1523
1524
1525
1526
1534
1535
1536
1537
1545
1546
1547
1548
1556
1557
1558
1559
1567
1568
1569
1570
1578
1579
1580
1589
1590
1591
1600
1601
1602
1611
1612
1613
1622
1623
1624
1633
1634
1635
1636
1644
1645
1646
1647
1655
1656
1657
1658
1666
1667
1668
1669
1677
1678
1679
1680
1688
1689
1690
1691
1699
1700
1701
1710
1711
1712
1721
1722
1723
1732
1733
1734
1743
1744
1745
1754
1755
1756
1757
1765
1766
1767
1768
1776
1777
1778
1779
1787
1788
1789
1790
1798
1799
1800
1801
1809
1810
1811
1812
1820
1821
1822
1831
1832
1833
1842
1843
1844
1853
1854
1855
1864
1865
1866
1875
1876
1877
1886
1887
1888
1889
1897
1898
1899
1900
1908
1909
1910
1911
1919
1920
1921
1922
1930
1931
1932
1933
1941
1942
1943
1952
1953
1954
1963
1964
1965
1974
1975
1976
1985
1986
1987
1996
1997
1998
2007
2008
2009
2010
2018
2019
2020
2021
2029
2030
2031
2032
2040
2041
2042
2043
2051
2052
2053
2054
2062
2063
2064
2073
2074
2075
2084
2085
2086
2095
2096
2097
2106
2107
2108
2117
2118
2119
2128
2129
2130
2139
2140
2141
2142
2150
2151
2152
2153
2161
2162
2163
2164
2172
2173
2174
2175
2183
2184
2185
2194
2195
2196
2205
2206
2207
2216
2217
2218
2227
2228
2229
2238
2239
2240
2249
2250
2251
2260
2261
2262
2263
2271
2272
2273
2274
2282
2283
2284
2285
2293
2294
2295
2296
2304
2305
2306
2315
2316
2317
2326
2327
2328
2337
2338
2339
2348
2349
2350
2359
2360
2361
2370
2371
2372
2381
2382
2383
2384
2392
2393
2394
2395
2403
2404
2405
2406
2414
2415
2416
2417
2425
2426
2427
2436
2437
2438
2447
2448
2449
2458
2459
2460
2469
2470
2471
2480
2481
2482
2491
2492
2493
2502
2503
2504
2513
2514
2515
2516
2524
2525
2526
2527
2535
2536
2537
2538
2546
2547
2548
2557
2558
2559
2568
2569
2570
2579
2580
2581
2590
2591
2592
2601
2602
2603
2612
2613
2614
2623
2624
2625
2634
2635
2636
2637
2645
2646
2647
2648
2656
2657
2658
2659
2667
2668
2669
2678
2679
2680
2689
2690
2691
2700
2701
2702
2711
2712
2713
2722
2723
2724
2733
2734
2735
2744
2745
2746
2755
2756
2757
2766
2767
2768
2769
2777
2778
2779
2780
2788
2789
2790
2799
2800
2801
2810
2811
2812
2821
2822
2823
2832
2833
2834
2843
2844
2845
2854
2855
2856
2865
2866
2867
2876
2877
2878
2887
2888
2889
2890
2898
2899
2900
2901
2909
2910
2911
2920
2921
2922
2931
2932
2933
2942
2943
2944
2953
2954
2955
2964
2965
2966
2975
2976
2977
2986
2987
2988
2997
2998
2999
3008
3009
3010
3011
3019
3020
3021
3022
3030
3031
3032
3041
3042
3043
3052
3053
3054
3063
3064
3065
3074
3075
3076
3085
3086
3087
3096
3097
3098
3107
3108
3109
3118
3119
3120
3129
3130
3131
3140
3141
3142
)


// ************************************************************************* //
